2.043042592301205218e+00 2.815965097397565842e-03
4.038266916426432651e+00 2.323688240721821785e-03
5.924458630491677091e+00 2.026464790105819702e-03
7.982016503109700345e+00 1.781129627488553524e-03
9.876131672327348454e+00 1.618479727767407894e-03
1.221971625480199464e+01 1.494021038524806499e-03
1.388499320813136961e+01 1.382411574013531208e-03
1.577721056445088976e+01 1.282488461583852768e-03
1.792729527942781687e+01 1.199363614432513714e-03
2.037038896850017622e+01 1.131070079281926155e-03
2.218140348862271338e+01 1.066548516973853111e-03
2.415342492899436877e+01 1.016309019178152084e-03
2.630076749200283004e+01 9.492430835962295532e-04
2.744500233059069672e+01 9.060635347850620747e-04
2.988498017305386512e+01 8.681650506332516670e-04
3.254188245953778136e+01 8.299485780298709869e-04
3.395764173860658985e+01 7.941347430460155010e-04
3.543499469894943132e+01 7.541002123616635799e-04
3.858531696424819302e+01 7.394014974124729633e-04
4.026400044532429234e+01 6.960538448765873909e-04
4.201571632450789906e+01 6.698350771330296993e-04
4.384364193167296975e+01 6.584159564226865768e-04
4.575109282883960304e+01 6.301217945292592049e-04
4.774152882406840348e+01 6.046687485650181770e-04
4.981856024699383312e+01 5.955916130915284157e-04
5.198595449737955221e+01 5.699069006368517876e-04
5.424764287857346545e+01 5.590800428763031960e-04
5.660772772825743004e+01 5.409122095443308353e-04
5.907048985942578412e+01 5.082102725282311440e-04
6.164039632508912803e+01 4.791473911609500647e-04
6.432210852078745233e+01 4.642926505766808987e-04
6.712049063960940032e+01 4.483628435991704464e-04
7.004061849505332304e+01 4.355715063866227865e-04
7.308778872773380897e+01 4.159498785156756639e-04
7.626752841263277105e+01 4.000650660600513220e-04
7.958560508432152858e+01 3.937050933018326759e-04
8.304803719833741127e+01 3.746483707800507545e-04
8.666110504769095257e+01 3.602375509217381477e-04
9.043136215430361347e+01 3.429183270782232285e-04
9.436564715603878994e+01 3.255209885537624359e-04
9.847109621088709730e+01 3.174814337398856878e-04
1.027551559408053947e+02 3.023638273589313030e-04
1.072255969386869054e+02 2.950761409010738134e-04
1.118905278629624860e+02 2.856218488886952400e-04
1.167584101453984573e+02 2.758480841293931007e-04
1.218380733387679697e+02 2.669000241439789534e-04
1.271387311322346534e+02 2.548950724303722382e-04
1.326699980634978431e+02 2.490107144694775343e-04
1.384419069580119697e+02 2.422100078547373414e-04
1.444649271269125279e+02 2.345219982089474797e-04
1.507499833566568839e+02 2.312469732714816928e-04
1.573084757248236087e+02 2.168642822653055191e-04
1.641523002780131151e+02 2.029758179560303688e-04
1.712938706093561052e+02 1.914759777719154954e-04
1.787461403747681743e+02 1.861828059190884233e-04
1.865226267887907738e+02 1.828170206863433123e-04
1.946374351426364342e+02 1.760574959916993976e-04
2.031052843889107180e+02 1.662170834606513381e-04
2.119415338394164223e+02 1.557242067065089941e-04
2.211622110244661883e+02 1.481368817621842027e-04
2.307840407642355842e+02 1.446345268050208688e-04
2.408244755048876584e+02 1.426520902896299958e-04
2.513017269744933060e+02 1.313741959165781736e-04
2.622347992161663228e+02 1.271161891054362059e-04
2.736435230583305724e+02 1.247689797310158610e-04
2.855485920846421095e+02 1.154330457211472094e-04
2.979716001688096867e+02 1.074571482604369521e-04
3.109350806423963718e+02 9.953526750905439258e-05
3.244625471666464591e+02 9.630435670260339975e-05
3.385785363824716114e+02 9.420894639333710074e-05
3.533086524159566579e+02 8.840805094223469496e-05
3.686796133201125372e+02 8.129612979246303439e-05
3.847192995371116240e+02 7.577598444186151028e-05
4.014568044689100361e+02 7.477892359020188451e-05
4.189224872479830992e+02 6.811645289417356253e-05
4.371480278038918641e+02 6.526154174935072660e-05
4.561664843255612141e+02 6.254098843783140182e-05
4.760123532234998152e+02 5.809273352497257292e-05
4.967216317007205930e+02 5.746152601204812527e-05
5.183318830458571256e+02 5.252310438663698733e-05
5.408823047669059179e+02 5.514825170394033194e-05
5.644137996891803368e+02 5.631129533867351711e-05
5.889690501464336876e+02 4.740715303341858089e-05
6.145925953997221995e+02 4.250084020895883441e-05
6.413309124244375425e+02 4.334690675023011863e-05
6.692325002120380759e+02 4.275885294191539288e-05
6.983479677393909242e+02 4.130645174882374704e-05
7.287301257652891309e+02 4.290557262720540166e-05
7.604340826206433803e+02 3.856680632452480495e-05
7.935173441660990648e+02 3.783933425438590348e-05
8.280399180983863516e+02 3.518230369081720710e-05
8.640644227945977036e+02 2.697572381293866783e-05
9.016562008918157289e+02 2.809887882904149592e-05
9.408834378081107843e+02 2.571404547779820859e-05
9.818172854198849109e+02 2.331217729079071432e-05
1.024531991119891472e+03 1.954140861926134676e-05
1.069105032490020221e+03 2.335955468879546970e-05
1.115617257833127042e+03 2.332346775801852345e-05
1.164153032818806423e+03 2.002742439799476415e-05
1.214800393509098967e+03 1.624039941816590726e-05
1.267651206041699197e+03 1.474481450713938102e-05
1.322801333260301590e+03 1.272941881325095892e-05
1.380350808594325599e+03 8.996872566058300436e-06
1.440404017503412206e+03 4.770097802975215018e-06
1.503069886815799691e+03 3.263785174567601644e-06
1.568462082304007026e+03 3.320975793030811474e-06
1.636699214856203298e+03 3.171109710820019245e-06
1.707905055617212383e+03 2.915322738772374578e-06
1.782208760489390897e+03 2.258280801470391452e-06
1.859745104400591799e+03 2.963271754197194241e-06
1.940654725764129353e+03 -1.374694193145842291e-06
2.025084381574161853e+03 -7.104383257683366537e-06
2.113187213599192091e+03 -5.471821623359574005e-06
2.205123026156517881e+03 -6.274705810938030481e-06
2.301058575971473601e+03 3.208326688763918355e-07
2.401167874647207555e+03 9.871438351183314808e-07
2.505632504293651891e+03 4.811137387150665745e-06
2.614641946888158600e+03 -1.236497951140336227e-06
2.728393927965224520e+03 -4.175878984824521467e-06
2.847094775258697155e+03 -7.141427886381279677e-06
2.970959792946985999e+03 -8.165401595761068165e-06
3.100213652180082590e+03 -9.219086678058374673e-06
3.235090798596772402e+03 -1.245194380317116156e-05
3.375835877571180390e+03 -8.556142347515560687e-06
3.522704177959991284e+03 -2.201481947849970311e-06
3.675962095155237876e+03 -9.845956810750067234e-06
3.835887614282542017e+03 -4.856824489252176136e-06
4.002770814421259274e+03 2.617604422994190827e-06
4.176914394761118274e+03 -2.370620677538681775e-06
4.358634223649688465e+03 2.586514483482460491e-06
4.548259911526584801e+03 -7.285629635589430109e-06
4.746135408783600724e+03 -1.635651824472006410e-05
4.952619629635212732e+03 -7.215495770651614293e-06
5.168087103131028925e+03 -1.557817085995338857e-05
5.392928652491033972e+03 -1.170970790553838015e-05
5.627552103995834841e+03 -9.645494174037594348e-06
5.872383026717707253e+03 -1.756070446390367579e-06
6.127865504434204922e+03 -1.283234951188205741e-06
6.394462941124460485e+03 -1.858005271060392261e-05
6.672658901509206771e+03 -1.325070388702442870e-05
6.962957988159124397e+03 -1.448910097678890452e-05
7.265886756762472032e+03 -1.709996831777971238e-05
7.581994671212109097e+03 -2.390560075582470745e-05
7.911855100244319146e+03 -1.832059206208214164e-05
8.256066357437146507e+03 -1.724584581097587943e-05
8.615252786454671877e+03 -2.320567773494985886e-06
8.990065893505638087e+03 2.800688321258348878e-07
9.381185529070553457e+03 1.395475464960327372e-05
9.789321121040737125e+03 1.820286706788465381e-05
