2.043042592301205218e+00 2.914642449468374252e-03
4.038266916426432651e+00 2.399354474619030952e-03
5.924458630491677091e+00 2.080174628645181656e-03
7.982016503109700345e+00 1.846341183409094810e-03
9.876131672327348454e+00 1.672095386311411858e-03
1.221971625480199464e+01 1.527383341453969479e-03
1.388499320813136961e+01 1.405951799824833870e-03
1.577721056445088976e+01 1.308140112087130547e-03
1.792729527942781687e+01 1.224120380356907845e-03
2.037038896850017622e+01 1.148412120528519154e-03
2.218140348862271338e+01 1.082580303773283958e-03
2.415342492899436877e+01 1.026846002787351608e-03
2.630076749200283004e+01 9.795963997021317482e-04
2.744500233059069672e+01 9.351624175906181335e-04
2.988498017305386512e+01 8.877122891135513783e-04
3.254188245953778136e+01 8.477299707010388374e-04
3.395764173860658985e+01 8.141413563862442970e-04
3.543499469894943132e+01 7.792394608259201050e-04
3.858531696424819302e+01 7.504231180064380169e-04
4.026400044532429234e+01 7.233774522319436073e-04
4.201571632450789906e+01 6.997919990681111813e-04
4.384364193167296975e+01 6.732578040100634098e-04
4.575109282883960304e+01 6.501374300569295883e-04
4.774152882406840348e+01 6.295557832345366478e-04
4.981856024699383312e+01 6.129269022494554520e-04
5.198595449737955221e+01 5.982121801935136318e-04
5.424764287857346545e+01 5.762170767411589622e-04
5.660772772825743004e+01 5.589914508163928986e-04
5.907048985942578412e+01 5.322191282175481319e-04
6.164039632508912803e+01 5.109868361614644527e-04
6.432210852078745233e+01 4.957842756994068623e-04
6.712049063960940032e+01 4.777962458319962025e-04
7.004061849505332304e+01 4.604870919138193130e-04
7.308778872773380897e+01 4.428721440490335226e-04
7.626752841263277105e+01 4.265252500772476196e-04
7.958560508432152858e+01 4.113932664040476084e-04
8.304803719833741127e+01 3.925112541764974594e-04
8.666110504769095257e+01 3.766914014704525471e-04
9.043136215430361347e+01 3.613260923884809017e-04
9.436564715603878994e+01 3.479712177067995071e-04
9.847109621088709730e+01 3.359639667905867100e-04
1.027551559408053947e+02 3.259534423705190420e-04
1.072255969386869054e+02 3.156695456709712744e-04
1.118905278629624860e+02 3.022042801603674889e-04
1.167584101453984573e+02 2.907532616518437862e-04
1.218380733387679697e+02 2.810723381116986275e-04
1.271387311322346534e+02 2.698734751902520657e-04
1.326699980634978431e+02 2.586656773928552866e-04
1.384419069580119697e+02 2.473264466971158981e-04
1.444649271269125279e+02 2.407092688372358680e-04
1.507499833566568839e+02 2.351000584894791245e-04
1.573084757248236087e+02 2.270473050884902477e-04
1.641523002780131151e+02 2.163382741855457425e-04
1.712938706093561052e+02 2.088141336571425200e-04
1.787461403747681743e+02 1.989915908779948950e-04
1.865226267887907738e+02 1.910932915052399039e-04
1.946374351426364342e+02 1.807739608921110630e-04
2.031052843889107180e+02 1.723785535432398319e-04
2.119415338394164223e+02 1.636179804336279631e-04
2.211622110244661883e+02 1.549846056150272489e-04
2.307840407642355842e+02 1.488002308178693056e-04
2.408244755048876584e+02 1.398549065925180912e-04
2.513017269744933060e+02 1.345330529147759080e-04
2.622347992161663228e+02 1.296701375395059586e-04
2.736435230583305724e+02 1.268723717657849193e-04
2.855485920846421095e+02 1.201635823235847056e-04
2.979716001688096867e+02 1.174057397292926908e-04
3.109350806423963718e+02 1.112323370762169361e-04
3.244625471666464591e+02 1.048335616360418499e-04
3.385785363824716114e+02 9.933586261468008161e-05
3.533086524159566579e+02 9.609165863366797566e-05
3.686796133201125372e+02 9.313411283073946834e-05
3.847192995371116240e+02 8.811133011477068067e-05
4.014568044689100361e+02 7.791169628035277128e-05
4.189224872479830992e+02 7.268549234140664339e-05
4.371480278038918641e+02 7.069983985275030136e-05
4.561664843255612141e+02 6.996726733632385731e-05
4.760123532234998152e+02 6.595900777028873563e-05
4.967216317007205930e+02 6.034288162481971085e-05
5.183318830458571256e+02 5.951291313976980746e-05
5.408823047669059179e+02 5.485833389684557915e-05
5.644137996891803368e+02 5.346797479433007538e-05
5.889690501464336876e+02 5.401528687798418105e-05
6.145925953997221995e+02 5.025151040172204375e-05
6.413309124244375425e+02 4.681609425460919738e-05
6.692325002120380759e+02 4.447721221367828548e-05
6.983479677393909242e+02 4.098234785487875342e-05
7.287301257652891309e+02 3.688305878313258290e-05
7.604340826206433803e+02 3.323235432617366314e-05
7.935173441660990648e+02 3.416468462091870606e-05
8.280399180983863516e+02 3.319028473924845457e-05
8.640644227945977036e+02 2.903942913690116256e-05
9.016562008918157289e+02 2.391208363405894488e-05
9.408834378081107843e+02 2.292349563504103571e-05
9.818172854198849109e+02 2.371873779338784516e-05
1.024531991119891472e+03 2.533700171625241637e-05
1.069105032490020221e+03 2.511837919882964343e-05
1.115617257833127042e+03 2.412649519101250917e-05
1.164153032818806423e+03 2.182754542445763946e-05
1.214800393509098967e+03 1.537144999019801617e-05
1.267651206041699197e+03 1.446931764803593978e-05
1.322801333260301590e+03 1.050315950124058872e-05
1.380350808594325599e+03 1.007557693810667843e-05
1.440404017503412206e+03 6.671296887361677364e-06
1.503069886815799691e+03 4.362670551927294582e-06
1.568462082304007026e+03 6.063473847461864352e-06
1.636699214856203298e+03 6.328273229883052409e-06
1.707905055617212383e+03 6.691125690849730745e-06
1.782208760489390897e+03 6.529680376843316481e-06
1.859745104400591799e+03 4.900001840724144131e-06
1.940654725764129353e+03 5.921517185925040394e-06
2.025084381574161853e+03 5.332464752427767962e-06
2.113187213599192091e+03 3.443855405294016236e-07
2.205123026156517881e+03 -1.334701149602324222e-08
2.301058575971473601e+03 3.441195076447911561e-06
2.401167874647207555e+03 7.523323688474192750e-07
2.505632504293651891e+03 2.465371153448359109e-06
2.614641946888158600e+03 1.701151404631673358e-06
2.728393927965224520e+03 1.778722207745886408e-06
2.847094775258697155e+03 9.097781230593682267e-07
2.970959792946985999e+03 -5.084057647763984278e-06
3.100213652180082590e+03 -2.447269025651621632e-06
3.235090798596772402e+03 -6.387992016243515536e-06
3.375835877571180390e+03 -3.927996203856309876e-06
3.522704177959991284e+03 4.882656412519281730e-07
3.675962095155237876e+03 -4.176595211902167648e-06
3.835887614282542017e+03 -5.278619482851354405e-06
4.002770814421259274e+03 -2.352326418986194767e-06
4.176914394761118274e+03 -4.370140231912955642e-06
4.358634223649688465e+03 -4.705695573647972196e-06
4.548259911526584801e+03 -3.929106696887174621e-06
4.746135408783600724e+03 -3.202430661985999905e-06
4.952619629635212732e+03 -1.286894075747113675e-06
5.168087103131028925e+03 -1.277436695090727881e-06
5.392928652491033972e+03 2.298351546414778568e-06
5.627552103995834841e+03 9.250115908798761666e-06
5.872383026717707253e+03 2.310025820406735875e-06
6.127865504434204922e+03 -2.457333494021440856e-06
6.394462941124460485e+03 -8.083597094810102135e-06
6.672658901509206771e+03 -2.542702304708654992e-06
6.962957988159124397e+03 7.248390829772688448e-07
7.265886756762472032e+03 -9.455364846644442878e-08
7.581994671212109097e+03 -4.677565812016837299e-06
7.911855100244319146e+03 -5.932839485467411578e-06
8.256066357437146507e+03 -4.775104571308474988e-06
8.615252786454671877e+03 -1.743404595799802337e-06
8.990065893505638087e+03 -1.141280699812341481e-05
9.381185529070553457e+03 -7.619214557053055614e-06
9.789321121040737125e+03 -9.915671398630365729e-06
