1.982589950881514937e+02 1.577754691006326426e-01
3.048734469695965572e+02 1.429869271685994259e-01
4.009105651627324960e+02 1.380421884311653358e-01
5.069740167368212269e+02 1.294318123567038681e-01
5.928495598393640194e+02 1.243099174631717707e-01
6.932714281177487692e+02 1.257776122014740428e-01
8.107036010529400301e+02 1.162115326467767357e-01
9.116564358770771150e+02 1.137570343749400442e-01
9.858494587178394113e+02 1.109559638842718826e-01
1.108612324749449726e+03 1.079935098187602277e-01
1.198834141099109502e+03 1.051226878879416016e-01
1.296398448564652654e+03 1.021914758742907825e-01
1.401902798580622630e+03 1.023733130100491634e-01
1.515993372904880061e+03 1.002270282080859193e-01
1.576474690799666178e+03 1.010375540133168770e-01
1.704772389515363102e+03 9.789497456468988779e-02
1.772785141201054103e+03 9.834467172986798011e-02
1.917059105928077997e+03 9.686616933981119504e-02
1.993541142908595248e+03 9.686783049620868724e-02
2.073074469211700034e+03 9.464768703699678876e-02
2.241786777261007046e+03 9.337357860751981098e-02
2.331223987971264251e+03 8.963616139771694857e-02
2.424229341174274396e+03 8.868216033400512510e-02
2.520945189708942053e+03 9.053563322037332106e-02
2.621519565652261463e+03 8.776223695751121656e-02
2.726106406895375585e+03 8.710514097217908480e-02
2.834865792758993848e+03 8.676292676581104368e-02
2.947964189008821450e+03 8.585053032881784230e-02
3.065574702645990328e+03 8.317058666512898435e-02
3.187877346862481318e+03 8.350427140545063631e-02
3.315059316567088899e+03 8.071214163366420558e-02
3.447315274903620775e+03 8.193122448174924854e-02
3.584847651199883330e+03 8.185069142983536494e-02
3.727866950803510917e+03 7.956870778774592645e-02
3.876592077278823126e+03 8.115881907833306930e-02
4.031250667457909003e+03 7.879419302674342540e-02
4.192079439858741353e+03 7.826092960322338088e-02
4.359324557003589689e+03 7.845238380334823569e-02
4.533242002192329892e+03 7.709286281787375295e-02
4.714097971307303851e+03 7.672472590617199217e-02
4.902169280249422627e+03 7.707709657903670519e-02
5.097743788629162736e+03 7.603442340575319869e-02
5.301120840360902548e+03 7.448344773709623945e-02
5.512611721834996388e+03 7.423817762517202767e-02
5.732540138368876796e+03 7.364961150228063747e-02
5.961242709666372320e+03 7.435321462324004371e-02
6.199069485043654822e+03 7.321700923339274913e-02
6.446384479210398240e+03 7.263762189587621987e-02
6.703566229426136488e+03 7.167875954757889356e-02
6.971008374884715522e+03 7.062807914542722221e-02
7.249120259213560530e+03 7.021735377060776828e-02
7.538327557009928569e+03 6.941821039766320200e-02
7.839072925373187900e+03 6.920236259147777291e-02
8.151816681430262179e+03 6.851818474493791278e-02
8.477037506891305384e+03 6.888120337866131260e-02
8.815233180714003538e+03 6.829121463127668656e-02
9.166921340997856532e+03 6.724926700598485296e-02
9.532640277274609616e+03 6.696712307541780040e-02
9.912949754407567525e+03 6.714526648187972568e-02
1.030843186936070742e+04 6.670621214076280503e-02
1.071969194214906747e+04 6.609305570883927672e-02
1.114735944233409100e+04 6.593109862591747805e-02
1.159208895248186127e+04 6.568711894053363975e-02
1.205456117005906890e+04 6.525412919510187315e-02
1.253548394930015820e+04 6.440796890946549891e-02
1.303559338464013672e+04 6.461455561009629700e-02
1.355565493737164434e+04 6.423590076024919548e-02
1.409646460725048564e+04 6.334585935568828874e-02
1.465885015084295628e+04 6.296741825695841011e-02
1.524367234847982581e+04 6.265120690751456445e-02
1.585182632175594517e+04 6.240464598469461915e-02
1.648424290359227234e+04 6.249895157897717574e-02
1.714189006295725630e+04 6.235033573975517357e-02
1.782577438642800553e+04 6.212431323211664580e-02
1.853694261885925880e+04 6.174370282062891652e-02
1.927648326551812715e+04 6.155219367880609277e-02
2.004552825813662275e+04 6.130734476815770384e-02
2.084525468743237434e+04 6.123755947472274419e-02
2.167688660474912831e+04 6.084965963524643223e-02
2.254169689557440142e+04 6.039704502467906078e-02
2.344100922780231122e+04 6.026332159472252981e-02
2.437620007772318422e+04 6.010964813965798820e-02
2.534870083684104611e+04 5.999099928032129714e-02
2.636000000274380000e+04 5.986295164756549880e-02
2.741164545737900335e+04 5.967361748768616053e-02
2.850524683622281736e+04 5.954682662124621134e-02
2.964247799196818596e+04 5.930552093588653539e-02
3.082507955650280201e+04 5.896767094063059406e-02
3.205486160509876208e+04 5.885245654809118099e-02
3.333370642689138913e+04 5.901146197073042082e-02
3.466357140588743641e+04 5.860272758150581601e-02
3.604649201691285270e+04 5.861416669343592206e-02
3.748458494108525338e+04 5.830950322562873656e-02
3.898005130557976372e+04 5.830722348052815723e-02
4.053518005264701787e+04 5.811134513322434303e-02
4.215235144303960260e+04 5.808447658088446153e-02
4.383404069920966867e+04 5.786634312036557232e-02
4.558282179385382187e+04 5.779211207240237541e-02
4.740137138960356242e+04 5.759756918250989732e-02
4.929247293589194305e+04 5.760097335384927603e-02
5.125902092926688783e+04 5.746761402964763177e-02
5.330402534367140470e+04 5.736669136190230417e-02
5.543061623747244448e+04 5.726879444518224310e-02
5.764204854428952967e+04 5.714710185930256536e-02
5.994170705495546281e+04 5.710359976647771257e-02
6.233311159823532216e+04 5.697425187374829947e-02
6.481992242823265406e+04 5.690218242059892628e-02
6.740594582672885736e+04 5.685955996747604768e-02
7.009513992903112376e+04 5.681382129975315332e-02
7.289162078224474681e+04 5.672632947288275967e-02
7.579966864524396078e+04 5.667642915026972761e-02
7.882373453998325567e+04 5.659087466740137656e-02
8.196844706417585257e+04 5.651857316998275260e-02
8.523861947576810780e+04 5.644972311250068958e-02
8.863925706005263783e+04 5.639290590110052070e-02
9.217556479069538182e+04 5.637444410439960973e-02
9.585295529640384484e+04 5.632776427984873685e-02
9.967705714542970236e+04 5.629414009080900561e-02
1.036537234605849953e+05 5.624331013546995939e-02
1.077890408779594873e+05 5.620440293550575672e-02
1.120893388630503468e+05 5.617967195570108124e-02
1.165611993985631998e+05 5.615129585064010387e-02
1.212114670587137080e+05 5.610891839852352042e-02
1.260472594854470954e+05 5.699286852682781956e-02
1.310759782826130104e+05 6.040438813301460264e-02
1.363053203447686974e+05 6.407031297038444373e-02
1.417432896379496669e+05 6.787602765846856290e-02
1.473982094504409761e+05 7.185137113547002130e-02
1.532787351322994509e+05 7.596119182011101811e-02
1.593938673431240604e+05 8.024021810994427795e-02
1.657529658283545286e+05 8.469540862943419901e-02
1.723657637451810879e+05 8.937463376279772276e-02
1.792423825599941483e+05 9.421311125794849806e-02
1.863933475401755131e+05 9.923912925748225311e-02
1.938296038639411272e+05 1.044360959853657123e-01
2.015625333728953265e+05 1.098335647951444588e-01
2.096039719929369749e+05 1.154821090096194575e-01
2.179662278501794790e+05 1.213830354044003051e-01
2.266621001096163527e+05 1.274890398029872030e-01
2.357048985653650307e+05 1.338637622202534516e-01
2.451084640124711150e+05 1.404521063796354274e-01
