1.982589950881514937e+02 1.587940343679350164e-01
3.048734469695965572e+02 1.352240062315764602e-01
4.009105651627324960e+02 1.176449252079014851e-01
5.069740167368212269e+02 1.196037470916452988e-01
5.928495598393640194e+02 1.051235246565695863e-01
6.932714281177487692e+02 1.125736345859604942e-01
8.107036010529400301e+02 1.045408940075120557e-01
9.116564358770771150e+02 9.939796802127544295e-02
9.858494587178394113e+02 1.001001307705340765e-01
1.108612324749449726e+03 9.011990213487687529e-02
1.198834141099109502e+03 9.445658957305187731e-02
1.296398448564652654e+03 8.904097905155222703e-02
1.401902798580622630e+03 9.048581755222512291e-02
1.515993372904880061e+03 8.774545101344864706e-02
1.576474690799666178e+03 8.819910101679755143e-02
1.704772389515363102e+03 8.331021531695446958e-02
1.772785141201054103e+03 8.542786720463402261e-02
1.917059105928077997e+03 7.957718366529879794e-02
1.993541142908595248e+03 8.378391461693128484e-02
2.073074469211700034e+03 7.878116581720746858e-02
2.241786777261007046e+03 7.727844895868873909e-02
2.331223987971264251e+03 7.496418224772800898e-02
2.424229341174274396e+03 7.716764296796888023e-02
2.520945189708942053e+03 7.553093592846581161e-02
2.621519565652261463e+03 7.778598660227788175e-02
2.726106406895375585e+03 7.422073998783944304e-02
2.834865792758993848e+03 7.668072523821120590e-02
2.947964189008821450e+03 7.180822955450066880e-02
3.065574702645990328e+03 7.054973656713221797e-02
3.187877346862481318e+03 7.113953367615023782e-02
3.315059316567088899e+03 7.247071642832805805e-02
3.447315274903620775e+03 6.934178754873120132e-02
3.584847651199883330e+03 7.010438941586928652e-02
3.727866950803510917e+03 6.929321727037618395e-02
3.876592077278823126e+03 6.980850153177835249e-02
4.031250667457909003e+03 6.801638746145033387e-02
4.192079439858741353e+03 6.827089542553066437e-02
4.359324557003589689e+03 6.700427311725551394e-02
4.533242002192329892e+03 6.493890944578795121e-02
4.714097971307303851e+03 6.618803804296784221e-02
4.902169280249422627e+03 6.735733286762660144e-02
5.097743788629162736e+03 6.369103730085752535e-02
5.301120840360902548e+03 6.546107208500406838e-02
5.512611721834996388e+03 6.285577575767969938e-02
5.732540138368876796e+03 6.273764876779205912e-02
5.961242709666372320e+03 6.154394337580215701e-02
6.199069485043654822e+03 6.249962450807292069e-02
6.446384479210398240e+03 6.040906708595837615e-02
6.703566229426136488e+03 6.080152228530382591e-02
6.971008374884715522e+03 6.020671999554298021e-02
7.249120259213560530e+03 5.937669893316632752e-02
7.538327557009928569e+03 5.847420936293953875e-02
7.839072925373187900e+03 5.838963951895187465e-02
8.151816681430262179e+03 5.731548017503552278e-02
8.477037506891305384e+03 5.846638974396752703e-02
8.815233180714003538e+03 5.752771457636624702e-02
9.166921340997856532e+03 5.607301687015331382e-02
9.532640277274609616e+03 5.494538271285599740e-02
9.912949754407567525e+03 5.501452793390577967e-02
1.030843186936070742e+04 5.478833120545100605e-02
1.071969194214906747e+04 5.391789007866125416e-02
1.114735944233409100e+04 5.365627164385751435e-02
1.159208895248186127e+04 5.299774086826247732e-02
1.205456117005906890e+04 5.391175093491220455e-02
1.253548394930015820e+04 5.330608799202139064e-02
1.303559338464013672e+04 5.240273691445947180e-02
1.355565493737164434e+04 5.231727995526865710e-02
1.409646460725048564e+04 5.195734602010487757e-02
1.465885015084295628e+04 5.170049424046385678e-02
1.524367234847982581e+04 5.107209086327602759e-02
1.585182632175594517e+04 5.065732486516735800e-02
1.648424290359227234e+04 5.053413824676498967e-02
1.714189006295725630e+04 5.027618389596159171e-02
1.782577438642800553e+04 5.013779716770037920e-02
1.853694261885925880e+04 4.970885335225375123e-02
1.927648326551812715e+04 4.930953614517225025e-02
2.004552825813662275e+04 4.939271459484331772e-02
2.084525468743237434e+04 4.934228088414789604e-02
2.167688660474912831e+04 4.888676515808215023e-02
2.254169689557440142e+04 4.882547972195128150e-02
2.344100922780231122e+04 4.817248029676545612e-02
2.437620007772318422e+04 4.833999458949259781e-02
2.534870083684104611e+04 4.819780799744501076e-02
2.636000000274380000e+04 4.791542149995908773e-02
2.741164545737900335e+04 4.755763501537758203e-02
2.850524683622281736e+04 4.731616307603621341e-02
2.964247799196818596e+04 4.737923539444637705e-02
3.082507955650280201e+04 4.709695294460128356e-02
3.205486160509876208e+04 4.692346141935970633e-02
3.333370642689138913e+04 4.694035874966117489e-02
3.466357140588743641e+04 4.683948036563526790e-02
3.604649201691285270e+04 4.664272445564906361e-02
3.748458494108525338e+04 4.658767086657791129e-02
3.898005130557976372e+04 4.638114792357852373e-02
4.053518005264701787e+04 4.622787947127950103e-02
4.215235144303960260e+04 4.611645767486471231e-02
4.383404069920966867e+04 4.601711534751755373e-02
4.558282179385382187e+04 4.588630407027052133e-02
4.740137138960356242e+04 4.573005718314138157e-02
4.929247293589194305e+04 4.570605497653381505e-02
5.125902092926688783e+04 4.569244524990000167e-02
5.330402534367140470e+04 4.556366056456662844e-02
5.543061623747244448e+04 4.544891541550127173e-02
5.764204854428952967e+04 4.538934188867219804e-02
5.994170705495546281e+04 4.535407939907667996e-02
6.233311159823532216e+04 4.527225627857812268e-02
6.481992242823265406e+04 4.513925243850853974e-02
6.740594582672885736e+04 4.514759370339457845e-02
7.009513992903112376e+04 4.506766006628356441e-02
7.289162078224474681e+04 4.501164762397823899e-02
7.579966864524396078e+04 4.495149045998791254e-02
7.882373453998325567e+04 4.492281771255839107e-02
8.196844706417585257e+04 4.484595929164114647e-02
8.523861947576810780e+04 4.476881754587021950e-02
8.863925706005263783e+04 4.475022469403096281e-02
9.217556479069538182e+04 4.469960623163612978e-02
9.585295529640384484e+04 4.458051764270586775e-02
9.967705714542970236e+04 4.460669658853824021e-02
1.036537234605849953e+05 4.456358103916632091e-02
1.077890408779594873e+05 4.450028261212211206e-02
1.120893388630503468e+05 4.444514779797950621e-02
1.165611993985631998e+05 4.441161284930116721e-02
1.212114670587137080e+05 4.440486802782311199e-02
1.260472594854470954e+05 4.420339002272713480e-02
1.310759782826130104e+05 4.357456786877186156e-02
1.363053203447686974e+05 4.285046241991403299e-02
1.417432896379496669e+05 4.209951338182112840e-02
1.473982094504409761e+05 4.133409138039388642e-02
1.532787351322994509e+05 4.060712856384010583e-02
1.593938673431240604e+05 3.981490692780920854e-02
1.657529658283545286e+05 3.894426960547998917e-02
1.723657637451810879e+05 3.804502805898110629e-02
1.792423825599941483e+05 3.717696168011570823e-02
1.863933475401755131e+05 3.619139298284089479e-02
1.938296038639411272e+05 3.519779162768215536e-02
2.015625333728953265e+05 3.422735541957786648e-02
2.096039719929369749e+05 3.315905240254763547e-02
2.179662278501794790e+05 3.204883808515437277e-02
2.266621001096163527e+05 3.089032970615464280e-02
2.357048985653650307e+05 2.973528023865890796e-02
2.451084640124711150e+05 2.852246679706145829e-02
