2.043042592301205218e+00 8.357660844922065735e-03
4.038266916426432651e+00 5.548731423914432526e-03
5.924458630491677091e+00 4.041931126266717911e-03
7.982016503109700345e+00 3.058621427044272423e-03
9.876131672327348454e+00 2.406195970252156258e-03
1.221971625480199464e+01 1.943352282978594303e-03
1.388499320813136961e+01 1.611058600246906281e-03
1.577721056445088976e+01 1.345163909718394279e-03
1.792729527942781687e+01 1.139914500527083874e-03
2.037038896850017622e+01 9.625090169720351696e-04
2.218140348862271338e+01 8.412298047915101051e-04
2.415342492899436877e+01 7.304867613129317760e-04
2.630076749200283004e+01 6.526672514155507088e-04
2.744500233059069672e+01 5.741841741837561131e-04
2.988498017305386512e+01 5.191327072679996490e-04
3.254188245953778136e+01 4.591920005623251200e-04
3.395764173860658985e+01 4.107054846826940775e-04
3.543499469894943132e+01 3.748426097445189953e-04
3.858531696424819302e+01 3.460022271610796452e-04
4.026400044532429234e+01 3.124292416032403708e-04
4.201571632450789906e+01 2.974592207465320826e-04
4.384364193167296975e+01 2.760317292995750904e-04
4.575109282883960304e+01 2.579323772806674242e-04
4.774152882406840348e+01 2.421918761683627963e-04
4.981856024699383312e+01 2.152986853616312146e-04
5.198595449737955221e+01 2.142695739166811109e-04
5.424764287857346545e+01 2.064760483335703611e-04
5.660772772825743004e+01 1.835769944591447711e-04
5.907048985942578412e+01 1.635424850974231958e-04
6.164039632508912803e+01 1.566811115480959415e-04
6.432210852078745233e+01 1.493290183134377003e-04
6.712049063960940032e+01 1.418673200532793999e-04
7.004061849505332304e+01 1.384640490869060159e-04
7.308778872773380897e+01 1.324188488069921732e-04
7.626752841263277105e+01 1.125095732277259231e-04
7.958560508432152858e+01 1.121916575357317924e-04
8.304803719833741127e+01 9.454769315198063850e-05
8.666110504769095257e+01 8.182131568901240826e-05
9.043136215430361347e+01 7.559901860076934099e-05
9.436564715603878994e+01 7.156608626246452332e-05
9.847109621088709730e+01 7.505950634367763996e-05
1.027551559408053947e+02 7.202602864708751440e-05
1.072255969386869054e+02 6.046142516424879432e-05
1.118905278629624860e+02 6.253426545299589634e-05
1.167584101453984573e+02 5.298455653246492147e-05
1.218380733387679697e+02 5.441892062663100660e-05
1.271387311322346534e+02 5.097682878840714693e-05
1.326699980634978431e+02 5.330510248313657939e-05
1.384419069580119697e+02 4.549052027869038284e-05
1.444649271269125279e+02 4.037540929857641459e-05
1.507499833566568839e+02 3.734628626261837780e-05
1.573084757248236087e+02 3.732385448529385030e-05
1.641523002780131151e+02 3.195616227458231151e-05
1.712938706093561052e+02 2.379301258770283312e-05
1.787461403747681743e+02 2.979710552608594298e-05
1.865226267887907738e+02 2.770711762423161417e-05
1.946374351426364342e+02 2.158980896638240665e-05
2.031052843889107180e+02 1.070080634235637262e-05
2.119415338394164223e+02 1.644242547627072781e-05
2.211622110244661883e+02 1.439942570868879557e-05
2.307840407642355842e+02 1.468015852879034355e-05
2.408244755048876584e+02 1.678872467891778797e-05
2.513017269744933060e+02 1.241093104908941314e-05
2.622347992161663228e+02 1.140352833317592740e-05
2.736435230583305724e+02 1.244489340024301782e-05
2.855485920846421095e+02 6.753768047929042950e-06
2.979716001688096867e+02 9.485297596256714314e-06
3.109350806423963718e+02 5.412915925262495875e-06
3.244625471666464591e+02 2.391453335803817026e-06
3.385785363824716114e+02 1.651847583161725197e-06
3.533086524159566579e+02 3.736173539437004365e-06
3.686796133201125372e+02 3.689171990117756650e-06
3.847192995371116240e+02 5.001068984711309895e-06
4.014568044689100361e+02 -2.133928774128435180e-06
4.189224872479830992e+02 -5.231803470451268367e-07
4.371480278038918641e+02 2.432786459394264966e-06
4.561664843255612141e+02 1.203226140944479994e-08
4.760123532234998152e+02 -2.090428097289986908e-06
4.967216317007205930e+02 2.987321295222500339e-06
5.183318830458571256e+02 5.924434276494139340e-07
5.408823047669059179e+02 5.722787932427308988e-07
5.644137996891803368e+02 4.092371170827391325e-07
5.889690501464336876e+02 -1.436534375898190774e-07
6.145925953997221995e+02 -3.034708242921624333e-06
6.413309124244375425e+02 2.438647470626165159e-06
6.692325002120380759e+02 4.154917405685409904e-07
6.983479677393909242e+02 -2.813639241594501073e-07
7.287301257652891309e+02 -8.961450248534674756e-07
7.604340826206433803e+02 -3.197898195139714517e-07
7.935173441660990648e+02 9.784213261809782125e-07
8.280399180983863516e+02 6.993939649646563339e-08
8.640644227945977036e+02 1.812240157050837297e-06
9.016562008918157289e+02 1.957301947186351754e-06
9.408834378081107843e+02 -1.726443343841310707e-07
9.818172854198849109e+02 -6.156634526632842608e-07
1.024531991119891472e+03 1.994851345443748869e-06
1.069105032490020221e+03 2.934733856818638742e-06
1.115617257833127042e+03 6.819076361352927051e-07
1.164153032818806423e+03 2.574236759755876847e-06
1.214800393509098967e+03 2.879058683902258053e-06
1.267651206041699197e+03 -1.771363031366490759e-06
1.322801333260301590e+03 1.958426310011418536e-06
1.380350808594325599e+03 5.455753125716000795e-06
1.440404017503412206e+03 3.287303798060747795e-07
1.503069886815799691e+03 3.249456028697750298e-07
1.568462082304007026e+03 1.910028686324949376e-06
1.636699214856203298e+03 -5.696075504602049477e-07
1.707905055617212383e+03 5.803206590826448519e-07
1.782208760489390897e+03 7.004178428360319231e-07
1.859745104400591799e+03 3.670693331514485180e-06
1.940654725764129353e+03 3.130533514195121825e-06
2.025084381574161853e+03 -1.960788040378247388e-06
2.113187213599192091e+03 -2.632380073919193819e-06
2.205123026156517881e+03 -2.925075932580512017e-06
2.301058575971473601e+03 6.100303835410159081e-07
2.401167874647207555e+03 -2.904493612732039765e-06
2.505632504293651891e+03 -6.985768550293869339e-07
2.614641946888158600e+03 -1.247011255145480391e-06
2.728393927965224520e+03 1.598789935997046996e-06
2.847094775258697155e+03 -2.561993369454285130e-06
2.970959792946985999e+03 6.653791047028789762e-07
3.100213652180082590e+03 4.430774424690753222e-06
3.235090798596772402e+03 1.345968939858721569e-06
3.375835877571180390e+03 4.862735636379511561e-07
3.522704177959991284e+03 1.092429897653346416e-06
3.675962095155237876e+03 -1.471779114581295289e-06
3.835887614282542017e+03 -3.409692908462602645e-06
4.002770814421259274e+03 -3.964286406699102372e-06
4.176914394761118274e+03 -3.698782080618912005e-08
4.358634223649688465e+03 1.532666829007212073e-07
4.548259911526584801e+03 4.108479515707585961e-06
4.746135408783600724e+03 2.078274064842844382e-06
4.952619629635212732e+03 2.375692702116793953e-06
5.168087103131028925e+03 1.220525518874637783e-06
5.392928652491033972e+03 2.071733661068719812e-06
5.627552103995834841e+03 1.030505018206895329e-06
5.872383026717707253e+03 -2.264795739392866381e-06
6.127865504434204922e+03 4.744183570437598974e-07
6.394462941124460485e+03 3.574670586203865241e-07
6.672658901509206771e+03 -5.036662855673057493e-07
6.962957988159124397e+03 -2.733917767727689352e-07
7.265886756762472032e+03 2.450934516673441976e-06
7.581994671212109097e+03 -2.844913069566246122e-06
7.911855100244319146e+03 4.698848670159350149e-07
8.256066357437146507e+03 2.618982534841052257e-06
8.615252786454671877e+03 8.774382536103075836e-07
8.990065893505638087e+03 -2.071749349852325395e-06
9.381185529070553457e+03 -8.123474231069849338e-07
9.789321121040737125e+03 -1.622938907530624419e-05
