1.982589950881514937e+02 1.290598827620659250e-01
3.048734469695965572e+02 1.316618803453164788e-01
4.009105651627324960e+02 1.253119660418156589e-01
5.069740167368212269e+02 1.258901629108794551e-01
5.928495598393640194e+02 1.254190443514765219e-01
6.932714281177487692e+02 1.251555484570360532e-01
8.107036010529400301e+02 1.260480182629537538e-01
9.116564358770771150e+02 1.242692207590036374e-01
9.858494587178394113e+02 1.234375903862609397e-01
1.108612324749449726e+03 1.293473356818853615e-01
1.198834141099109502e+03 1.214749182481965062e-01
1.296398448564652654e+03 1.213499644517450626e-01
1.401902798580622630e+03 1.142440970249974236e-01
1.515993372904880061e+03 1.157543924814449232e-01
1.576474690799666178e+03 1.173906441658620348e-01
1.704772389515363102e+03 1.114340808851963377e-01
1.772785141201054103e+03 1.133869553188105450e-01
1.917059105928077997e+03 1.142114346034628497e-01
1.993541142908595248e+03 1.136034762609091225e-01
2.073074469211700034e+03 1.134393585568598400e-01
2.241786777261007046e+03 1.149419651807794818e-01
2.331223987971264251e+03 1.154125855372277604e-01
2.424229341174274396e+03 1.166183719429528670e-01
2.520945189708942053e+03 1.094078214105967534e-01
2.621519565652261463e+03 1.124827896105938807e-01
2.726106406895375585e+03 1.114219658218899983e-01
2.834865792758993848e+03 1.132425926327925020e-01
2.947964189008821450e+03 1.099640723722365709e-01
3.065574702645990328e+03 1.091685536480674484e-01
3.187877346862481318e+03 1.063565798897184583e-01
3.315059316567088899e+03 1.052240001913590794e-01
3.447315274903620775e+03 1.030168146491846903e-01
3.584847651199883330e+03 1.042671550206840797e-01
3.727866950803510917e+03 1.046707413372528761e-01
3.876592077278823126e+03 1.047690660866747309e-01
4.031250667457909003e+03 1.038600105697798093e-01
4.192079439858741353e+03 9.926302842925827097e-02
4.359324557003589689e+03 9.852026196614090126e-02
4.533242002192329892e+03 9.824676839309545717e-02
4.714097971307303851e+03 9.741493122672416349e-02
4.902169280249422627e+03 9.628491282649066785e-02
5.097743788629162736e+03 9.537350204780817298e-02
5.301120840360902548e+03 9.436467999852789224e-02
5.512611721834996388e+03 9.135268860973275173e-02
5.732540138368876796e+03 9.108319750898814793e-02
5.961242709666372320e+03 9.058530280556503778e-02
6.199069485043654822e+03 8.862955531924304742e-02
6.446384479210398240e+03 8.868819192606824942e-02
6.703566229426136488e+03 8.852323609449053166e-02
6.971008374884715522e+03 8.970347558671426524e-02
7.249120259213560530e+03 8.811443764733331574e-02
7.538327557009928569e+03 8.717798048335960448e-02
7.839072925373187900e+03 8.555009443238821565e-02
8.151816681430262179e+03 8.387077500210086967e-02
8.477037506891305384e+03 8.300130127588084550e-02
8.815233180714003538e+03 8.077858168547862039e-02
9.166921340997856532e+03 7.900579267702094455e-02
9.532640277274609616e+03 7.748483949707758722e-02
9.912949754407567525e+03 7.619219664948204129e-02
1.030843186936070742e+04 7.310159174698442619e-02
1.071969194214906747e+04 7.260485389601849249e-02
1.114735944233409100e+04 7.129462822812931977e-02
1.159208895248186127e+04 6.976850430687775440e-02
1.205456117005906890e+04 6.808539720854032973e-02
1.253548394930015820e+04 6.783010505234482457e-02
1.303559338464013672e+04 6.820481715610796081e-02
1.355565493737164434e+04 6.738355246627679429e-02
1.409646460725048564e+04 6.596753778424042924e-02
1.465885015084295628e+04 6.399196167010155756e-02
1.524367234847982581e+04 6.335131893252798907e-02
1.585182632175594517e+04 6.204854203143669866e-02
1.648424290359227234e+04 6.159490119238312383e-02
1.714189006295725630e+04 6.030110103239676861e-02
1.782577438642800553e+04 5.915792214479455996e-02
1.853694261885925880e+04 5.870854633437901093e-02
1.927648326551812715e+04 5.792439923892572784e-02
2.004552825813662275e+04 5.713011644017090829e-02
2.084525468743237434e+04 5.588344471243254785e-02
2.167688660474912831e+04 5.500043093402599836e-02
2.254169689557440142e+04 5.396707416745882835e-02
2.344100922780231122e+04 5.373774336912279237e-02
2.437620007772318422e+04 5.286399480393028094e-02
2.534870083684104611e+04 5.245872305070389124e-02
2.636000000274380000e+04 5.187755953739846271e-02
2.741164545737900335e+04 5.065614302164705290e-02
2.850524683622281736e+04 4.944926689739473358e-02
2.964247799196818596e+04 4.787296296669894119e-02
3.082507955650280201e+04 4.741815142645212228e-02
3.205486160509876208e+04 4.643820122009722356e-02
3.333370642689138913e+04 4.526949236528222259e-02
3.466357140588743641e+04 4.516383475622550575e-02
3.604649201691285270e+04 4.460322419625691731e-02
3.748458494108525338e+04 4.417874430084337695e-02
3.898005130557976372e+04 4.396691431443668086e-02
4.053518005264701787e+04 4.319076780341737920e-02
4.215235144303960260e+04 4.272556183126168666e-02
4.383404069920966867e+04 4.196648282991006368e-02
4.558282179385382187e+04 4.125609783690555032e-02
4.740137138960356242e+04 4.040990564750377573e-02
4.929247293589194305e+04 3.983055249444007045e-02
5.125902092926688783e+04 3.944177867688166556e-02
5.330402534367140470e+04 3.918969045821237007e-02
5.543061623747244448e+04 3.880421840967509389e-02
5.764204854428952967e+04 3.856671303150625840e-02
5.994170705495546281e+04 3.783056041622898796e-02
6.233311159823532216e+04 3.752363348196433718e-02
6.481992242823265406e+04 3.676012523871398374e-02
6.740594582672885736e+04 3.617172312965406117e-02
7.009513992903112376e+04 3.625480697532135893e-02
7.289162078224474681e+04 3.622572846389270768e-02
7.579966864524396078e+04 3.572756314732456612e-02
7.882373453998325567e+04 3.511781013290117548e-02
8.196844706417585257e+04 3.488551346921293234e-02
8.523861947576810780e+04 3.472127414989600175e-02
8.863925706005263783e+04 3.442961039989442251e-02
9.217556479069538182e+04 3.416313161480124400e-02
9.585295529640384484e+04 3.390329995865967727e-02
9.967705714542970236e+04 3.387034439253407830e-02
1.036537234605849953e+05 3.353017001555202992e-02
1.077890408779594873e+05 3.351028743236164620e-02
1.120893388630503468e+05 3.358022700750818573e-02
1.165611993985631998e+05 3.327987589710922067e-02
1.212114670587137080e+05 3.315773866361956812e-02
1.260472594854470954e+05 3.276381361431979222e-02
1.310759782826130104e+05 3.089560088472484423e-02
1.363053203447686974e+05 2.894457108534545520e-02
1.417432896379496669e+05 2.707116922371697459e-02
1.473982094504409761e+05 2.504583006784068949e-02
1.532787351322994509e+05 2.282607977601002966e-02
1.593938673431240604e+05 2.051412029106480447e-02
1.657529658283545286e+05 1.827624952094616950e-02
1.723657637451810879e+05 1.587959868257416557e-02
1.792423825599941483e+05 1.339311934485432412e-02
1.863933475401755131e+05 1.080631874702915433e-02
1.938296038639411272e+05 8.181214987094197200e-03
2.015625333728953265e+05 5.442561705087258818e-03
2.096039719929369749e+05 2.497209010416533322e-03
2.179662278501794790e+05 -4.332209765827597578e-04
2.266621001096163527e+05 -3.554655065117985537e-03
2.357048985653650307e+05 -6.826146362347979696e-03
2.451084640124711150e+05 -1.014023052401977730e-02
