1.982589950881514937e+02 1.349770308949540809e-01
3.048734469695965572e+02 1.348256497234341100e-01
4.009105651627324960e+02 1.334830950187459175e-01
5.069740167368212269e+02 1.318007378207252112e-01
5.928495598393640194e+02 1.317572775839354893e-01
6.932714281177487692e+02 1.299386984969269354e-01
8.107036010529400301e+02 1.293070929434952665e-01
9.116564358770771150e+02 1.280177798737612838e-01
9.858494587178394113e+02 1.257753328358921230e-01
1.108612324749449726e+03 1.261953863030026712e-01
1.198834141099109502e+03 1.249421017393111816e-01
1.296398448564652654e+03 1.232281890077931430e-01
1.401902798580622630e+03 1.219697996623972241e-01
1.515993372904880061e+03 1.215316557183373364e-01
1.576474690799666178e+03 1.204572710021209053e-01
1.704772389515363102e+03 1.186078723884139569e-01
1.772785141201054103e+03 1.171017333478386879e-01
1.917059105928077997e+03 1.162608881697823615e-01
1.993541142908595248e+03 1.152681210463937234e-01
2.073074469211700034e+03 1.163747279960311576e-01
2.241786777261007046e+03 1.145698086335545512e-01
2.331223987971264251e+03 1.131671949852630782e-01
2.424229341174274396e+03 1.132052617701554409e-01
2.520945189708942053e+03 1.121403961611490141e-01
2.621519565652261463e+03 1.115960971728851420e-01
2.726106406895375585e+03 1.103166286670607121e-01
2.834865792758993848e+03 1.099274418248121776e-01
2.947964189008821450e+03 1.088160820491018976e-01
3.065574702645990328e+03 1.075882260948407970e-01
3.187877346862481318e+03 1.064499213464920047e-01
3.315059316567088899e+03 1.051226816908765738e-01
3.447315274903620775e+03 1.042123148379259789e-01
3.584847651199883330e+03 1.034594238264227722e-01
3.727866950803510917e+03 1.024667547858157113e-01
3.876592077278823126e+03 1.019497473084688827e-01
4.031250667457909003e+03 1.011258883652810248e-01
4.192079439858741353e+03 9.983684630998024279e-02
4.359324557003589689e+03 9.942716767369033648e-02
4.533242002192329892e+03 9.911853049986546482e-02
4.714097971307303851e+03 9.817698965720457471e-02
4.902169280249422627e+03 9.647626681325445486e-02
5.097743788629162736e+03 9.577183053933960299e-02
5.301120840360902548e+03 9.483858816684205550e-02
5.512611721834996388e+03 9.339708455277777321e-02
5.732540138368876796e+03 9.191872778795445731e-02
5.961242709666372320e+03 9.117048901291432972e-02
6.199069485043654822e+03 8.975966463176354715e-02
6.446384479210398240e+03 8.898782301995503130e-02
6.703566229426136488e+03 8.813289379115853139e-02
6.971008374884715522e+03 8.660677261736254851e-02
7.249120259213560530e+03 8.567803480924077175e-02
7.538327557009928569e+03 8.494489754821554772e-02
7.839072925373187900e+03 8.402157467848092587e-02
8.151816681430262179e+03 8.310303612808003781e-02
8.477037506891305384e+03 8.157812262756451716e-02
8.815233180714003538e+03 8.113421625180299024e-02
9.166921340997856532e+03 8.011324022956775592e-02
9.532640277274609616e+03 7.858714778103001453e-02
9.912949754407567525e+03 7.696537892168779649e-02
1.030843186936070742e+04 7.560212663768016428e-02
1.071969194214906747e+04 7.469392344619041335e-02
1.114735944233409100e+04 7.328304869392893162e-02
1.159208895248186127e+04 7.200842710163052329e-02
1.205456117005906890e+04 7.108716196323830450e-02
1.253548394930015820e+04 7.015468156512771891e-02
1.303559338464013672e+04 6.911979451210067960e-02
1.355565493737164434e+04 6.788630156236942492e-02
1.409646460725048564e+04 6.677834832369027029e-02
1.465885015084295628e+04 6.569186683527890314e-02
1.524367234847982581e+04 6.470201497900482379e-02
1.585182632175594517e+04 6.369192631121833870e-02
1.648424290359227234e+04 6.284661171211357311e-02
1.714189006295725630e+04 6.177632793757607127e-02
1.782577438642800553e+04 6.090434538430489209e-02
1.853694261885925880e+04 5.996677820351382915e-02
1.927648326551812715e+04 5.899816957387175875e-02
2.004552825813662275e+04 5.780101164721471174e-02
2.084525468743237434e+04 5.681233922431957323e-02
2.167688660474912831e+04 5.587080437289194956e-02
2.254169689557440142e+04 5.488640103322321023e-02
2.344100922780231122e+04 5.398608622406358970e-02
2.437620007772318422e+04 5.318108235132681938e-02
2.534870083684104611e+04 5.229807212720031379e-02
2.636000000274380000e+04 5.134302189297437063e-02
2.741164545737900335e+04 5.056790823986388045e-02
2.850524683622281736e+04 4.974026611452232044e-02
2.964247799196818596e+04 4.878384339868315628e-02
3.082507955650280201e+04 4.796966716082560339e-02
3.205486160509876208e+04 4.731757058118807313e-02
3.333370642689138913e+04 4.651872894922494395e-02
3.466357140588743641e+04 4.582727538108051502e-02
3.604649201691285270e+04 4.513051192556992441e-02
3.748458494108525338e+04 4.444639139337835249e-02
3.898005130557976372e+04 4.386204591781570766e-02
4.053518005264701787e+04 4.319473935109098550e-02
4.215235144303960260e+04 4.250757232308741140e-02
4.383404069920966867e+04 4.186759505578266372e-02
4.558282179385382187e+04 4.136569315069461850e-02
4.740137138960356242e+04 4.080221260788775145e-02
4.929247293589194305e+04 4.033194095720604722e-02
5.125902092926688783e+04 3.974253750715799061e-02
5.330402534367140470e+04 3.927825248574515898e-02
5.543061623747244448e+04 3.876787730012130895e-02
5.764204854428952967e+04 3.836121075564559446e-02
5.994170705495546281e+04 3.784858028453530476e-02
6.233311159823532216e+04 3.757196946116930780e-02
6.481992242823265406e+04 3.719653692962406055e-02
6.740594582672885736e+04 3.674326447368691378e-02
7.009513992903112376e+04 3.638562151413662904e-02
7.289162078224474681e+04 3.604379032117850656e-02
7.579966864524396078e+04 3.572030559919408405e-02
7.882373453998325567e+04 3.540330364250537237e-02
8.196844706417585257e+04 3.508732537054210648e-02
8.523861947576810780e+04 3.486380044485856006e-02
8.863925706005263783e+04 3.456432083553564322e-02
9.217556479069538182e+04 3.436946807323870007e-02
9.585295529640384484e+04 3.416072737872047349e-02
9.967705714542970236e+04 3.400609301360262016e-02
1.036537234605849953e+05 3.379398724355847650e-02
1.077890408779594873e+05 3.364356760585875822e-02
1.120893388630503468e+05 3.355185037504544027e-02
1.165611993985631998e+05 3.344690594526255473e-02
1.212114670587137080e+05 3.335358140166760216e-02
1.260472594854470954e+05 3.206285592149359098e-02
1.310759782826130104e+05 2.767599488975314506e-02
1.363053203447686974e+05 2.291396496318440917e-02
1.417432896379496669e+05 1.797873518668532608e-02
1.473982094504409761e+05 1.288311619052777239e-02
1.532787351322994509e+05 7.562132623356897405e-03
1.593938673431240604e+05 2.042289725563643972e-03
1.657529658283545286e+05 -3.656650971197620160e-03
1.723657637451810879e+05 -9.643396748812621544e-03
1.792423825599941483e+05 -1.584531009287728012e-02
1.863933475401755131e+05 -2.226977081817525794e-02
1.938296038639411272e+05 -2.890673395337134063e-02
2.015625333728953265e+05 -3.581026085124004027e-02
2.096039719929369749e+05 -4.303130761632038837e-02
2.179662278501794790e+05 -5.054562759769577751e-02
2.266621001096163527e+05 -5.833268652020873885e-02
2.357048985653650307e+05 -6.642757326420331565e-02
2.451084640124711150e+05 -7.483973236473806523e-02
