1.982589950881514937e+02 1.293792353331139622e-01
3.048734469695965572e+02 1.278744398805925497e-01
4.009105651627324960e+02 1.284025554616291809e-01
5.069740167368212269e+02 1.265985788234003928e-01
5.928495598393640194e+02 1.304317723917063354e-01
6.932714281177487692e+02 1.282938083226160264e-01
8.107036010529400301e+02 1.264882905346284836e-01
9.116564358770771150e+02 1.267596812938596995e-01
9.858494587178394113e+02 1.266480507681773671e-01
1.108612324749449726e+03 1.300032721233554678e-01
1.198834141099109502e+03 1.249046352419579398e-01
1.296398448564652654e+03 1.255042800961723992e-01
1.401902798580622630e+03 1.234667360194054431e-01
1.515993372904880061e+03 1.243787311453019989e-01
1.576474690799666178e+03 1.252625458803170444e-01
1.704772389515363102e+03 1.220524076676116759e-01
1.772785141201054103e+03 1.230820275387775470e-01
1.917059105928077997e+03 1.240341215234309485e-01
1.993541142908595248e+03 1.226442964227585919e-01
2.073074469211700034e+03 1.244091587779874580e-01
2.241786777261007046e+03 1.258337041236969045e-01
2.331223987971264251e+03 1.227786780876227724e-01
2.424229341174274396e+03 1.226072041385341121e-01
2.520945189708942053e+03 1.192833218977061710e-01
2.621519565652261463e+03 1.213453012191085950e-01
2.726106406895375585e+03 1.191138560396100693e-01
2.834865792758993848e+03 1.176034708521326994e-01
2.947964189008821450e+03 1.176915042101975284e-01
3.065574702645990328e+03 1.173434384143227233e-01
3.187877346862481318e+03 1.173996071641766753e-01
3.315059316567088899e+03 1.153968286550338673e-01
3.447315274903620775e+03 1.141135885407693062e-01
3.584847651199883330e+03 1.149200750028958051e-01
3.727866950803510917e+03 1.164785978548213141e-01
3.876592077278823126e+03 1.161522713899851150e-01
4.031250667457909003e+03 1.156104517081928684e-01
4.192079439858741353e+03 1.133700125690176724e-01
4.359324557003589689e+03 1.139302268568793963e-01
4.533242002192329892e+03 1.147747939507812731e-01
4.714097971307303851e+03 1.143371953891919868e-01
4.902169280249422627e+03 1.131706030817936082e-01
5.097743788629162736e+03 1.118228663658183686e-01
5.301120840360902548e+03 1.119487622873786004e-01
5.512611721834996388e+03 1.119414260211821499e-01
5.732540138368876796e+03 1.102642754153093374e-01
5.961242709666372320e+03 1.114448705445046650e-01
6.199069485043654822e+03 1.094160993355174361e-01
6.446384479210398240e+03 1.088551555142040217e-01
6.703566229426136488e+03 1.072095481531171596e-01
6.971008374884715522e+03 1.064521135509940847e-01
7.249120259213560530e+03 1.078786852577760524e-01
7.538327557009928569e+03 1.073427626264409768e-01
7.839072925373187900e+03 1.065504636904770486e-01
8.151816681430262179e+03 1.049154712717375593e-01
8.477037506891305384e+03 1.028660104889628779e-01
8.815233180714003538e+03 1.016393775142212935e-01
9.166921340997856532e+03 1.011509920141974717e-01
9.532640277274609616e+03 1.002913091977993970e-01
9.912949754407567525e+03 9.927371604166820851e-02
1.030843186936070742e+04 9.776943588103596816e-02
1.071969194214906747e+04 9.720328084601292939e-02
1.114735944233409100e+04 9.590795368930582487e-02
1.159208895248186127e+04 9.553124013336226905e-02
1.205456117005906890e+04 9.462717394970433793e-02
1.253548394930015820e+04 9.345647174046038674e-02
1.303559338464013672e+04 9.408330064797512660e-02
1.355565493737164434e+04 9.437943551601742087e-02
1.409646460725048564e+04 9.445783367104329531e-02
1.465885015084295628e+04 9.256166221024486607e-02
1.524367234847982581e+04 9.204038931820394953e-02
1.585182632175594517e+04 9.045004369524232979e-02
1.648424290359227234e+04 9.066393174763084928e-02
1.714189006295725630e+04 8.984539165553540041e-02
1.782577438642800553e+04 8.772718673309233550e-02
1.853694261885925880e+04 8.773842933208006456e-02
1.927648326551812715e+04 8.658353369722218695e-02
2.004552825813662275e+04 8.526054337919151960e-02
2.084525468743237434e+04 8.393546061355168508e-02
2.167688660474912831e+04 8.320669534174891802e-02
2.254169689557440142e+04 8.263784856137580681e-02
2.344100922780231122e+04 8.188412564644853564e-02
2.437620007772318422e+04 8.080511421390391968e-02
2.534870083684104611e+04 8.076383012147939078e-02
2.636000000274380000e+04 8.086213347910128912e-02
2.741164545737900335e+04 7.976937294232601394e-02
2.850524683622281736e+04 7.844344218787845102e-02
2.964247799196818596e+04 7.743692788383423065e-02
3.082507955650280201e+04 7.715787079864379339e-02
3.205486160509876208e+04 7.643308974908612219e-02
3.333370642689138913e+04 7.552711371852750821e-02
3.466357140588743641e+04 7.529250027913822474e-02
3.604649201691285270e+04 7.491412176109239762e-02
3.748458494108525338e+04 7.456141055153678310e-02
3.898005130557976372e+04 7.423816527586810099e-02
4.053518005264701787e+04 7.383573781769736666e-02
4.215235144303960260e+04 7.332200714879771875e-02
4.383404069920966867e+04 7.264518291065001632e-02
4.558282179385382187e+04 7.211063480724366759e-02
4.740137138960356242e+04 7.200125140613150565e-02
4.929247293589194305e+04 7.137308035397538220e-02
5.125902092926688783e+04 7.112431096307073042e-02
5.330402534367140470e+04 7.059723875234644175e-02
5.543061623747244448e+04 7.010624155912571764e-02
5.764204854428952967e+04 6.950461933586614405e-02
5.994170705495546281e+04 6.870368865555114002e-02
6.233311159823532216e+04 6.830411621482068707e-02
6.481992242823265406e+04 6.775168448144201772e-02
6.740594582672885736e+04 6.727499907043582583e-02
7.009513992903112376e+04 6.710517962660608737e-02
7.289162078224474681e+04 6.691883324667514954e-02
7.579966864524396078e+04 6.668809701312698734e-02
7.882373453998325567e+04 6.627785324380074117e-02
8.196844706417585257e+04 6.600232848634844662e-02
8.523861947576810780e+04 6.571760169322776735e-02
8.863925706005263783e+04 6.526417297934454520e-02
9.217556479069538182e+04 6.490957529061408549e-02
9.585295529640384484e+04 6.441845985799818375e-02
9.967705714542970236e+04 6.420915596128187741e-02
1.036537234605849953e+05 6.397546972633766371e-02
1.077890408779594873e+05 6.398436789220182663e-02
1.120893388630503468e+05 6.386317610206837525e-02
1.165611993985631998e+05 6.377740239398019262e-02
1.212114670587137080e+05 6.343306845725031617e-02
1.260472594854470954e+05 6.322541088940142329e-02
1.310759782826130104e+05 6.245014921642338956e-02
1.363053203447686974e+05 6.177167440189541836e-02
1.417432896379496669e+05 6.144723513398927389e-02
1.473982094504409761e+05 6.090291833270827099e-02
1.532787351322994509e+05 6.007253081934706140e-02
1.593938673431240604e+05 5.917158602544400625e-02
1.657529658283545286e+05 5.865582014641316372e-02
1.723657637451810879e+05 5.798305265011580861e-02
1.792423825599941483e+05 5.728567103325457599e-02
1.863933475401755131e+05 5.653744339393577262e-02
1.938296038639411272e+05 5.589341497714821888e-02
2.015625333728953265e+05 5.520546130854759453e-02
2.096039719929369749e+05 5.428069908721556980e-02
2.179662278501794790e+05 5.367318361399014276e-02
2.266621001096163527e+05 5.282810644029176800e-02
2.357048985653650307e+05 5.188782622378450282e-02
2.451084640124711150e+05 5.112100382510079838e-02
