1.982589950881514937e+02 3.954467248035470894e-01
3.048734469695965572e+02 4.927013086381120677e-01
4.009105651627324960e+02 3.459969732519869723e-01
5.069740167368212269e+02 5.410483554504371684e-01
5.928495598393640194e+02 1.791960324477882283e-01
6.932714281177487692e+02 2.209061311946663997e-01
8.107036010529400301e+02 -4.246955794215255368e-03
9.116564358770771150e+02 -3.650946980253080149e-02
9.858494587178394113e+02 1.950948533782482786e-01
1.108612324749449726e+03 -2.723808484051935472e-02
1.198834141099109502e+03 3.884767163312054516e-01
1.296398448564652654e+03 5.249161291863232437e-01
1.401902798580622630e+03 3.997744529066780683e-01
1.515993372904880061e+03 2.649435085616925201e-01
1.576474690799666178e+03 3.052384814044547534e-01
1.704772389515363102e+03 5.461581396704886515e-01
1.772785141201054103e+03 4.852846266134944880e-02
1.917059105928077997e+03 4.590106953441875359e-01
1.993541142908595248e+03 3.268941929856446493e-01
2.073074469211700034e+03 2.200947269708832532e-01
2.241786777261007046e+03 1.093131207726314447e-01
2.331223987971264251e+03 3.805857426275012223e-01
2.424229341174274396e+03 1.067701189004473666e-01
2.520945189708942053e+03 3.554180794876517502e-01
2.621519565652261463e+03 3.565740567708875486e-01
2.726106406895375585e+03 4.057332754510440398e-01
2.834865792758993848e+03 3.708944751344485091e-01
2.947964189008821450e+03 1.768478251355994069e-01
3.065574702645990328e+03 2.183646331212356351e-01
3.187877346862481318e+03 5.998466016817181196e-02
3.315059316567088899e+03 2.438374665747333747e-01
3.447315274903620775e+03 2.009566747727746239e-01
3.584847651199883330e+03 1.357944936847681749e-01
3.727866950803510917e+03 2.052054977267794844e-01
3.876592077278823126e+03 1.945435689548966340e-01
4.031250667457909003e+03 2.697047748457084282e-01
4.192079439858741353e+03 6.089859691516246593e-02
4.359324557003589689e+03 1.601928325987070911e-01
4.533242002192329892e+03 2.838323672030489964e-01
4.714097971307303851e+03 2.750096644331820883e-01
4.902169280249422627e+03 1.727006887044219285e-01
5.097743788629162736e+03 1.963271888240926133e-01
5.301120840360902548e+03 2.427571057685975753e-01
5.512611721834996388e+03 1.553377403260806644e-01
5.732540138368876796e+03 7.374888412388405645e-02
5.961242709666372320e+03 2.522484521550277248e-01
6.199069485043654822e+03 1.310899596725865479e-01
6.446384479210398240e+03 -1.552265776105558534e-02
6.703566229426136488e+03 5.428222473820631944e-02
6.971008374884715522e+03 -3.241795387555687635e-04
7.249120259213560530e+03 5.098256492548416778e-03
7.538327557009928569e+03 1.618530289290895652e-01
7.839072925373187900e+03 2.647055367753916102e-02
8.151816681430262179e+03 1.816845102002929285e-02
8.477037506891305384e+03 -1.995944739324000475e-02
8.815233180714003538e+03 7.436198439066028787e-02
9.166921340997856532e+03 -3.495918760390664265e-02
9.532640277274609616e+03 4.850089122876086178e-02
9.912949754407567525e+03 5.745187029924710836e-03
1.030843186936070742e+04 -9.438064354097638886e-02
1.071969194214906747e+04 1.122928000439556984e-01
1.114735944233409100e+04 4.995421649429584998e-02
1.159208895248186127e+04 1.249785552702711577e-01
1.205456117005906890e+04 1.952630985857354562e-01
1.253548394930015820e+04 9.132486146935567262e-02
1.303559338464013672e+04 4.784649731501881831e-02
1.355565493737164434e+04 1.033781770598469207e-01
1.409646460725048564e+04 1.539026887872049776e-01
1.465885015084295628e+04 1.215266852080826715e-01
1.524367234847982581e+04 1.412023010866239325e-01
1.585182632175594517e+04 1.718153102256264608e-01
1.648424290359227234e+04 1.016498471037950574e-01
1.714189006295725630e+04 1.061227018073557793e-01
1.782577438642800553e+04 5.442822285666467502e-02
1.853694261885925880e+04 6.410004792690868203e-02
1.927648326551812715e+04 1.253005814168555443e-01
2.004552825813662275e+04 7.553751157569847663e-02
2.084525468743237434e+04 -2.092788377605888511e-02
2.167688660474912831e+04 6.295194174426510525e-02
2.254169689557440142e+04 1.207620747129935501e-01
2.344100922780231122e+04 1.825951980621458304e-01
2.437620007772318422e+04 1.664247339723713692e-01
2.534870083684104611e+04 1.426110960722703214e-01
2.636000000274380000e+04 1.519637987267718204e-01
2.741164545737900335e+04 1.132496992578882339e-01
2.850524683622281736e+04 1.668166272474427558e-01
2.964247799196818596e+04 1.905983141424555383e-01
3.082507955650280201e+04 2.208625754129424912e-01
3.205486160509876208e+04 2.069224155597380321e-01
3.333370642689138913e+04 1.487877338945449435e-01
3.466357140588743641e+04 1.792286123367602679e-01
3.604649201691285270e+04 1.339681955105282429e-01
3.748458494108525338e+04 1.269955273842757471e-01
3.898005130557976372e+04 1.571547910232818090e-01
4.053518005264701787e+04 1.483131456616594845e-01
4.215235144303960260e+04 8.838044318588397785e-02
4.383404069920966867e+04 1.046062071665835869e-01
4.558282179385382187e+04 1.479330933928807712e-01
4.740137138960356242e+04 1.639959193384200875e-01
4.929247293589194305e+04 1.723406460549454511e-01
5.125902092926688783e+04 1.559611381877614722e-01
5.330402534367140470e+04 1.458309668565661021e-01
5.543061623747244448e+04 1.267307545419625592e-01
5.764204854428952967e+04 1.825308756016240652e-01
5.994170705495546281e+04 1.991792949668623747e-01
6.233311159823532216e+04 1.572052345036151488e-01
6.481992242823265406e+04 1.412809330357107374e-01
6.740594582672885736e+04 1.143685065624747976e-01
7.009513992903112376e+04 1.553977260205731681e-01
7.289162078224474681e+04 1.501087566602987422e-01
7.579966864524396078e+04 1.318298642528874243e-01
7.882373453998325567e+04 1.403313721014001481e-01
8.196844706417585257e+04 1.329161080614887913e-01
8.523861947576810780e+04 1.334193870825245432e-01
8.863925706005263783e+04 1.262757978928535363e-01
9.217556479069538182e+04 1.468063508306399756e-01
9.585295529640384484e+04 1.774720212999269797e-01
9.967705714542970236e+04 1.552370889921556862e-01
1.036537234605849953e+05 1.456697655368132671e-01
1.077890408779594873e+05 1.567937181627820642e-01
1.120893388630503468e+05 1.327923472474015210e-01
1.165611993985631998e+05 1.433391534380498156e-01
1.212114670587137080e+05 1.170807453411925741e-01
1.260472594854470954e+05 -7.543807522035876900e-01
1.310759782826130104e+05 -4.085983640629246239e+00
1.363053203447686974e+05 -7.715418606516113442e+00
1.417432896379496669e+05 -1.147119114843757082e+01
1.473982094504409761e+05 -1.538039792172723708e+01
1.532787351322994509e+05 -1.945751605932877126e+01
1.593938673431240604e+05 -2.367618467634981272e+01
1.657529658283545286e+05 -2.806088629453721595e+01
1.723657637451810879e+05 -3.265703498168836916e+01
1.792423825599941483e+05 -3.742770416378517240e+01
1.863933475401755131e+05 -4.236505030083776546e+01
1.938296038639411272e+05 -4.747373134093461289e+01
2.015625333728953265e+05 -5.279899481535395012e+01
2.096039719929369749e+05 -5.836371262168799490e+01
2.179662278501794790e+05 -6.416794459975797338e+01
2.266621001096163527e+05 -7.018671170801901837e+01
2.357048985653650307e+05 -7.644053849463708161e+01
2.451084640124711150e+05 -8.293748275150905158e+01
