1.982589950881514937e+02 2.910823495266687266e-01
3.048734469695965572e+02 3.478165488442838682e-01
4.009105651627324960e+02 3.215019500887406068e-01
5.069740167368212269e+02 5.470851288393333567e-01
5.928495598393640194e+02 3.264022799548902953e-01
6.932714281177487692e+02 2.827433441844797724e-01
8.107036010529400301e+02 1.954299729669470576e-01
9.116564358770771150e+02 2.491403757508956207e-01
9.858494587178394113e+02 3.107767444464460405e-01
1.108612324749449726e+03 -3.401752663030423174e-03
1.198834141099109502e+03 1.881352205291405566e-01
1.296398448564652654e+03 3.159182706098364601e-01
1.401902798580622630e+03 2.279432003324101952e-01
1.515993372904880061e+03 1.688305578223602554e-01
1.576474690799666178e+03 8.541687089318650283e-02
1.704772389515363102e+03 2.060818657163548673e-01
1.772785141201054103e+03 -1.235230574377416991e-02
1.917059105928077997e+03 2.162546446560820179e-01
1.993541142908595248e+03 1.865827366513989061e-01
2.073074469211700034e+03 1.202132737813482732e-01
2.241786777261007046e+03 7.177400648878498601e-02
2.331223987971264251e+03 3.550805856344996236e-01
2.424229341174274396e+03 2.830757634550242208e-01
2.520945189708942053e+03 4.041499731289573405e-01
2.621519565652261463e+03 3.988556184369089208e-01
2.726106406895375585e+03 3.325267599431272481e-01
2.834865792758993848e+03 3.462159429223775065e-01
2.947964189008821450e+03 3.262199857927683966e-01
3.065574702645990328e+03 2.549781349629465232e-01
3.187877346862481318e+03 2.450350893517246609e-01
3.315059316567088899e+03 3.028594006553120832e-01
3.447315274903620775e+03 3.472794802041208051e-01
3.584847651199883330e+03 1.279860801756730893e-01
3.727866950803510917e+03 2.793088698693916294e-01
3.876592077278823126e+03 2.991867884938805289e-01
4.031250667457909003e+03 2.567472422076313432e-01
4.192079439858741353e+03 1.833496262954496803e-01
4.359324557003589689e+03 2.132935866313970807e-01
4.533242002192329892e+03 2.537514276721905548e-01
4.714097971307303851e+03 1.985985229973046273e-01
4.902169280249422627e+03 1.671691996368997180e-01
5.097743788629162736e+03 1.866839781295461520e-01
5.301120840360902548e+03 3.079585289581073249e-01
5.512611721834996388e+03 2.555131491624327289e-01
5.732540138368876796e+03 1.222858422372878340e-01
5.961242709666372320e+03 1.496687803578240772e-01
6.199069485043654822e+03 1.237116823865781617e-01
6.446384479210398240e+03 5.101624942981795863e-02
6.703566229426136488e+03 1.437540604638291031e-01
6.971008374884715522e+03 3.161146071241477395e-02
7.249120259213560530e+03 1.198458784905454544e-01
7.538327557009928569e+03 1.662400437299680622e-01
7.839072925373187900e+03 8.839498464788751730e-02
8.151816681430262179e+03 1.555759657022237619e-01
8.477037506891305384e+03 4.398227322445968229e-02
8.815233180714003538e+03 1.325186287554662723e-01
9.166921340997856532e+03 1.574859649595405642e-01
9.532640277274609616e+03 1.520103317723158487e-01
9.912949754407567525e+03 1.442930868200747174e-01
1.030843186936070742e+04 1.025766202589205034e-01
1.071969194214906747e+04 2.123230181933005167e-01
1.114735944233409100e+04 8.217600877381091296e-02
1.159208895248186127e+04 1.475655557960454389e-01
1.205456117005906890e+04 1.763256046081634609e-01
1.253548394930015820e+04 1.388944983536251898e-01
1.303559338464013672e+04 6.052845056602436380e-02
1.355565493737164434e+04 8.637984683068462843e-02
1.409646460725048564e+04 9.650954567398997708e-02
1.465885015084295628e+04 9.524310768720205267e-02
1.524367234847982581e+04 1.434991014258641673e-01
1.585182632175594517e+04 9.831804079276218467e-02
1.648424290359227234e+04 8.162152318222715142e-02
1.714189006295725630e+04 7.339064269337443325e-02
1.782577438642800553e+04 5.740809130082981382e-02
1.853694261885925880e+04 2.930706393324165535e-02
1.927648326551812715e+04 4.265339596685389922e-02
2.004552825813662275e+04 4.526237960825327949e-02
2.084525468743237434e+04 -1.661053441950544746e-03
2.167688660474912831e+04 1.054354036365652003e-01
2.254169689557440142e+04 9.498160032640866335e-02
2.344100922780231122e+04 1.557372299280579964e-01
2.437620007772318422e+04 1.385278943545196484e-01
2.534870083684104611e+04 1.055021639867320393e-01
2.636000000274380000e+04 1.319610475026494478e-01
2.741164545737900335e+04 1.294988385145318943e-01
2.850524683622281736e+04 1.772110669977200181e-01
2.964247799196818596e+04 1.559260516689449094e-01
3.082507955650280201e+04 1.871018588355874979e-01
3.205486160509876208e+04 1.943808877461867812e-01
3.333370642689138913e+04 1.331152161341208617e-01
3.466357140588743641e+04 1.494348314720915505e-01
3.604649201691285270e+04 1.162277242805892646e-01
3.748458494108525338e+04 1.421287235406779592e-01
3.898005130557976372e+04 1.491607205864202423e-01
4.053518005264701787e+04 1.112994559708866682e-01
4.215235144303960260e+04 8.705600559121280668e-02
4.383404069920966867e+04 1.145928840410304350e-01
4.558282179385382187e+04 1.579482492946291672e-01
4.740137138960356242e+04 1.784355246532764172e-01
4.929247293589194305e+04 1.726875246995566160e-01
5.125902092926688783e+04 1.623099957313265951e-01
5.330402534367140470e+04 1.513089577474532599e-01
5.543061623747244448e+04 1.245402751204734704e-01
5.764204854428952967e+04 1.741518334193354334e-01
5.994170705495546281e+04 1.961551507231211744e-01
6.233311159823532216e+04 1.868942205117708200e-01
6.481992242823265406e+04 1.817681169465684698e-01
6.740594582672885736e+04 1.417605679250310280e-01
7.009513992903112376e+04 1.729863482087276860e-01
7.289162078224474681e+04 1.487378281229322363e-01
7.579966864524396078e+04 1.329092244413154766e-01
7.882373453998325567e+04 1.664404829078158510e-01
8.196844706417585257e+04 1.402602216875078467e-01
8.523861947576810780e+04 1.236308119306005482e-01
8.863925706005263783e+04 1.407653154437318310e-01
9.217556479069538182e+04 1.542281482600811049e-01
9.585295529640384484e+04 1.679928083046280385e-01
9.967705714542970236e+04 1.529116132912760329e-01
1.036537234605849953e+05 1.581388994728584463e-01
1.077890408779594873e+05 1.503817183699287796e-01
1.120893388630503468e+05 1.519094338902363117e-01
1.165611993985631998e+05 1.714950577485378769e-01
1.212114670587137080e+05 1.506947692242996961e-01
1.260472594854470954e+05 -7.777396938968735018e-02
1.310759782826130104e+05 -9.211826810926414533e-01
1.363053203447686974e+05 -1.831380243295936294e+00
1.417432896379496669e+05 -2.746435465489946992e+00
1.473982094504409761e+05 -3.734089986008712003e+00
1.532787351322994509e+05 -4.752790067187438794e+00
1.593938673431240604e+05 -5.814380066819160753e+00
1.657529658283545286e+05 -6.902319719247097751e+00
1.723657637451810879e+05 -8.052397623940757754e+00
1.792423825599941483e+05 -9.250043915878803702e+00
1.863933475401755131e+05 -1.047564974508664015e+01
1.938296038639411272e+05 -1.174085998178540358e+01
2.015625333728953265e+05 -1.308104688414675643e+01
2.096039719929369749e+05 -1.447564362612725475e+01
2.179662278501794790e+05 -1.592479980728000477e+01
2.266621001096163527e+05 -1.744381439376678955e+01
2.357048985653650307e+05 -1.900625218597850008e+01
2.451084640124711150e+05 -2.063225766365740199e+01
