2.043042592301205218e+00 2.123200148344039917e-02
4.038266916426432651e+00 1.749402470886707306e-02
5.924458630491677091e+00 1.512309908866882324e-02
7.982016503109700345e+00 1.337698847055435181e-02
9.876131672327348454e+00 1.199592463672161102e-02
1.221971625480199464e+01 1.083053369075059891e-02
1.388499320813136961e+01 9.890584275126457214e-03
1.577721056445088976e+01 9.074906818568706512e-03
1.792729527942781687e+01 8.351285010576248169e-03
2.037038896850017622e+01 7.773087359964847565e-03
2.218140348862271338e+01 7.230519317090511322e-03
2.415342492899436877e+01 6.784046534448862076e-03
2.630076749200283004e+01 6.354176905006170273e-03
2.744500233059069672e+01 5.942107178270816803e-03
2.988498017305386512e+01 5.593860521912574768e-03
3.254188245953778136e+01 5.258338060230016708e-03
3.395764173860658985e+01 4.971274174749851227e-03
3.543499469894943132e+01 4.709243774414062500e-03
3.858531696424819302e+01 4.480767529457807541e-03
4.026400044532429234e+01 4.239338915795087814e-03
4.201571632450789906e+01 4.024860449135303497e-03
4.384364193167296975e+01 3.813466522842645645e-03
4.575109282883960304e+01 3.599029500037431717e-03
4.774152882406840348e+01 3.417968750000000000e-03
4.981856024699383312e+01 3.252967027947306633e-03
5.198595449737955221e+01 3.085590666159987450e-03
5.424764287857346545e+01 2.914425684139132500e-03
5.660772772825743004e+01 2.819590270519256592e-03
5.907048985942578412e+01 2.623192500323057175e-03
6.164039632508912803e+01 2.446423051878809929e-03
6.432210852078745233e+01 2.340476028621196747e-03
6.712049063960940032e+01 2.195936627686023712e-03
7.004061849505332304e+01 2.056112280115485191e-03
7.308778872773380897e+01 1.953066326677799225e-03
7.626752841263277105e+01 1.840559532865881920e-03
7.958560508432152858e+01 1.749319839291274548e-03
8.304803719833741127e+01 1.626900862902402878e-03
8.666110504769095257e+01 1.497495919466018677e-03
9.043136215430361347e+01 1.378056360408663750e-03
9.436564715603878994e+01 1.273745903745293617e-03
9.847109621088709730e+01 1.127607305534183979e-03
1.027551559408053947e+02 1.027598860673606396e-03
1.072255969386869054e+02 9.446995682083070278e-04
1.118905278629624860e+02 8.588239434175193310e-04
1.167584101453984573e+02 7.769723888486623764e-04
1.218380733387679697e+02 7.136393687687814236e-04
1.271387311322346534e+02 7.014808943495154381e-04
1.326699980634978431e+02 6.874735117889940739e-04
1.384419069580119697e+02 5.999046261422336102e-04
1.444649271269125279e+02 5.488771130330860615e-04
1.507499833566568839e+02 4.847920790780335665e-04
1.573084757248236087e+02 4.046500835102051497e-04
1.641523002780131151e+02 3.584908263292163610e-04
1.712938706093561052e+02 3.053027903661131859e-04
1.787461403747681743e+02 2.495077496860176325e-04
1.865226267887907738e+02 1.396884908899664879e-04
1.946374351426364342e+02 7.369121885858476162e-05
2.031052843889107180e+02 4.756705675390549004e-05
2.119415338394164223e+02 5.971633981971535832e-06
2.211622110244661883e+02 -1.296356685998034663e-06
2.307840407642355842e+02 -4.005299615528201684e-06
2.408244755048876584e+02 -2.259179746033623815e-05
2.513017269744933060e+02 -1.484186486777616665e-05
2.622347992161663228e+02 -4.180466567049734294e-05
2.736435230583305724e+02 -2.734948066063225269e-05
2.855485920846421095e+02 -2.055687446045340039e-06
2.979716001688096867e+02 4.847206218983046710e-05
3.109350806423963718e+02 3.384562660357914865e-05
3.244625471666464591e+02 5.950830382062122226e-05
3.385785363824716114e+02 4.089275535079650581e-05
3.533086524159566579e+02 3.200512583134695888e-05
3.686796133201125372e+02 5.104627780383452773e-05
3.847192995371116240e+02 1.056672481354326010e-04
4.014568044689100361e+02 1.545998966321349144e-04
4.189224872479830992e+02 1.345942728221416473e-04
4.371480278038918641e+02 1.148910232586786151e-04
4.561664843255612141e+02 1.730638759909197688e-04
4.760123532234998152e+02 1.807731459848582745e-04
4.967216317007205930e+02 8.310123666888102889e-05
5.183318830458571256e+02 9.242345549864694476e-05
5.408823047669059179e+02 -2.548171551097766496e-06
5.644137996891803368e+02 -3.724097405211068690e-05
5.889690501464336876e+02 -2.891061012633144855e-05
6.145925953997221995e+02 5.304199657985009253e-05
6.413309124244375425e+02 5.751751086791045964e-05
6.692325002120380759e+02 2.320375097042415291e-05
6.983479677393909242e+02 4.757479473482817411e-05
7.287301257652891309e+02 7.213988283183425665e-05
7.604340826206433803e+02 6.837504042778164148e-05
7.935173441660990648e+02 6.341459084069356322e-05
8.280399180983863516e+02 6.910153751960024238e-05
8.640644227945977036e+02 7.676589302718639374e-05
9.016562008918157289e+02 4.012308272649534047e-05
9.408834378081107843e+02 -6.132449198048561811e-05
9.818172854198849109e+02 -7.959731738083064556e-05
1.024531991119891472e+03 -8.796045585768297315e-05
1.069105032490020221e+03 -4.713611269835382700e-05
1.115617257833127042e+03 3.954408748541027308e-05
1.164153032818806423e+03 1.072849336196668446e-04
1.214800393509098967e+03 9.677889465820044279e-05
1.267651206041699197e+03 6.399015546776354313e-05
1.322801333260301590e+03 -6.558411405421793461e-05
1.380350808594325599e+03 -8.215682464651763439e-05
1.440404017503412206e+03 1.071303267963230610e-05
1.503069886815799691e+03 -2.032684096775483340e-05
1.568462082304007026e+03 4.966722917743027210e-05
1.636699214856203298e+03 3.351843770360574126e-05
1.707905055617212383e+03 1.513249571871710941e-05
1.782208760489390897e+03 1.521481590316398069e-05
1.859745104400591799e+03 4.198980968794785440e-05
1.940654725764129353e+03 8.078941755229607224e-05
2.025084381574161853e+03 1.280769938603043556e-04
2.113187213599192091e+03 6.431138172047212720e-05
2.205123026156517881e+03 1.418338652001693845e-04
2.301058575971473601e+03 8.825958502711728215e-05
2.401167874647207555e+03 3.689172217491432093e-06
2.505632504293651891e+03 6.578023749170824885e-05
2.614641946888158600e+03 6.690205918857827783e-05
2.728393927965224520e+03 -4.139680822845548391e-05
2.847094775258697155e+03 -9.947878425009548664e-06
2.970959792946985999e+03 1.058492707670666277e-04
3.100213652180082590e+03 7.242751053126994520e-06
3.235090798596772402e+03 -1.501670067227678373e-05
3.375835877571180390e+03 -9.112300176639109850e-05
3.522704177959991284e+03 2.834288352460134774e-05
3.675962095155237876e+03 -4.241009446559473872e-05
3.835887614282542017e+03 8.473024354316294193e-05
4.002770814421259274e+03 1.927536322909872979e-05
4.176914394761118274e+03 -4.910636926069855690e-05
4.358634223649688465e+03 6.162328645586967468e-05
4.548259911526584801e+03 -9.518297702015843242e-06
4.746135408783600724e+03 2.138023592124227434e-05
4.952619629635212732e+03 1.966793206520378590e-05
5.168087103131028925e+03 4.447658648132346570e-05
5.392928652491033972e+03 1.917030749609693885e-05
5.627552103995834841e+03 4.195927976979874074e-05
5.872383026717707253e+03 4.155063652433454990e-05
6.127865504434204922e+03 8.106397581286728382e-05
6.394462941124460485e+03 7.293999078683555126e-05
6.672658901509206771e+03 -1.520652676845202222e-05
6.962957988159124397e+03 -7.330022344831377268e-05
7.265886756762472032e+03 8.659840204927604645e-06
7.581994671212109097e+03 2.293978832312859595e-05
7.911855100244319146e+03 3.053421460208483040e-05
8.256066357437146507e+03 -8.675477874930948019e-05
8.615252786454671877e+03 5.569339919020421803e-05
8.990065893505638087e+03 2.622642932692542672e-05
9.381185529070553457e+03 -3.882747932948404923e-06
9.789321121040737125e+03 -3.069778904318809509e-04
