2.043042592301205218e+00 2.131546474993228912e-02
4.038266916426432651e+00 1.746922358870506287e-02
5.924458630491677091e+00 1.515754871070384979e-02
7.982016503109700345e+00 1.332261599600315094e-02
9.876131672327348454e+00 1.184173021465539932e-02
1.221971625480199464e+01 1.084691938012838364e-02
1.388499320813136961e+01 9.799154475331306458e-03
1.577721056445088976e+01 8.939275518059730530e-03
1.792729527942781687e+01 8.282931521534919739e-03
2.037038896850017622e+01 7.626690901815891266e-03
2.218140348862271338e+01 7.068751845508813858e-03
2.415342492899436877e+01 6.607337389141321182e-03
2.630076749200283004e+01 6.192144006490707397e-03
2.744500233059069672e+01 5.722082220017910004e-03
2.988498017305386512e+01 5.431878380477428436e-03
3.254188245953778136e+01 5.072136409580707550e-03
3.395764173860658985e+01 4.699137993156909943e-03
3.543499469894943132e+01 4.419673699885606766e-03
3.858531696424819302e+01 4.102366045117378235e-03
4.026400044532429234e+01 3.869709791615605354e-03
4.201571632450789906e+01 3.636988345533609390e-03
4.384364193167296975e+01 3.549922723323106766e-03
4.575109282883960304e+01 3.351746592670679092e-03
4.774152882406840348e+01 3.174924058839678764e-03
4.981856024699383312e+01 3.081615548580884933e-03
5.198595449737955221e+01 2.874146215617656708e-03
5.424764287857346545e+01 2.658230718225240707e-03
5.660772772825743004e+01 2.617413643747568130e-03
5.907048985942578412e+01 2.410974819213151932e-03
6.164039632508912803e+01 2.290442120283842087e-03
6.432210852078745233e+01 2.118212636560201645e-03
6.712049063960940032e+01 2.055524848401546478e-03
7.004061849505332304e+01 1.850941567681729794e-03
7.308778872773380897e+01 1.769784605130553246e-03
7.626752841263277105e+01 1.625929377041757107e-03
7.958560508432152858e+01 1.615848043002188206e-03
8.304803719833741127e+01 1.462021027691662312e-03
8.666110504769095257e+01 1.342796138487756252e-03
9.043136215430361347e+01 1.393751008436083794e-03
9.436564715603878994e+01 1.333471387624740601e-03
9.847109621088709730e+01 1.226161839440464973e-03
1.027551559408053947e+02 1.142972148954868317e-03
1.072255969386869054e+02 1.069023972377181053e-03
1.118905278629624860e+02 1.059626578353345394e-03
1.167584101453984573e+02 9.242948144674301147e-04
1.218380733387679697e+02 7.840902544558048248e-04
1.271387311322346534e+02 6.560919573530554771e-04
1.326699980634978431e+02 6.592134595848619938e-04
1.384419069580119697e+02 6.015169783495366573e-04
1.444649271269125279e+02 5.340779316611588001e-04
1.507499833566568839e+02 4.675299860537052155e-04
1.573084757248236087e+02 4.195525543764233589e-04
1.641523002780131151e+02 4.423332866281270981e-04
1.712938706093561052e+02 3.413563244976103306e-04
1.787461403747681743e+02 3.143318463116884232e-04
1.865226267887907738e+02 1.564923586556687951e-04
1.946374351426364342e+02 1.000770425889641047e-04
2.031052843889107180e+02 1.154741912614554167e-04
2.119415338394164223e+02 1.599840652488637716e-05
2.211622110244661883e+02 -1.357450382784008980e-04
2.307840407642355842e+02 -6.898240826558321714e-05
2.408244755048876584e+02 1.005269878078252077e-04
2.513017269744933060e+02 1.468512637075036764e-04
2.622347992161663228e+02 1.298180577578023076e-04
2.736435230583305724e+02 7.881744386395439506e-05
2.855485920846421095e+02 7.958977221278473735e-05
2.979716001688096867e+02 1.482348452555015683e-04
3.109350806423963718e+02 2.502383540559094399e-05
3.244625471666464591e+02 7.843110506655648351e-05
3.385785363824716114e+02 -3.254968760302290320e-05
3.533086524159566579e+02 -1.045335447997786105e-04
3.686796133201125372e+02 -1.158910017693415284e-04
3.847192995371116240e+02 2.508795660105533898e-05
4.014568044689100361e+02 1.296898408327251673e-04
4.189224872479830992e+02 1.249531305802520365e-05
4.371480278038918641e+02 -7.603949143231147900e-06
4.561664843255612141e+02 3.373795334482565522e-05
4.760123532234998152e+02 2.062256498902570456e-06
4.967216317007205930e+02 4.471404827199876308e-05
5.183318830458571256e+02 -1.483075902797281742e-04
5.408823047669059179e+02 -3.502852923702448606e-04
5.644137996891803368e+02 -2.314426674274727702e-04
5.889690501464336876e+02 -1.827732630772516131e-04
6.145925953997221995e+02 1.589033927302807570e-04
6.413309124244375425e+02 2.381966478424146771e-04
6.692325002120380759e+02 -4.035370875499211252e-05
6.983479677393909242e+02 -5.997118933009915054e-05
7.287301257652891309e+02 -3.840045974357053638e-05
7.604340826206433803e+02 1.075005420716479421e-04
7.935173441660990648e+02 3.444762796789291315e-06
8.280399180983863516e+02 9.943459008354693651e-05
8.640644227945977036e+02 -1.178855291072977707e-05
9.016562008918157289e+02 -2.327228685317095369e-05
9.408834378081107843e+02 -3.201545405318029225e-05
9.818172854198849109e+02 1.576258509885519743e-04
1.024531991119891472e+03 1.787185829016380012e-05
1.069105032490020221e+03 -1.692698606348130852e-05
1.115617257833127042e+03 7.218702376121655107e-05
1.164153032818806423e+03 2.475753717590123415e-04
1.214800393509098967e+03 1.165628636954352260e-04
1.267651206041699197e+03 -7.552975876023992896e-05
1.322801333260301590e+03 -1.478407502872869372e-04
1.380350808594325599e+03 -6.955807475605979562e-05
1.440404017503412206e+03 3.258354554418474436e-04
1.503069886815799691e+03 2.126317995134741068e-04
1.568462082304007026e+03 1.452596188755705953e-04
1.636699214856203298e+03 -4.231938510201871395e-05
1.707905055617212383e+03 -2.141154691344127059e-04
1.782208760489390897e+03 -7.204712164821103215e-05
1.859745104400591799e+03 1.943229581229388714e-04
1.940654725764129353e+03 1.717490958981215954e-04
2.025084381574161853e+03 7.032659050310030580e-05
2.113187213599192091e+03 6.641604704782366753e-05
2.205123026156517881e+03 3.210404247511178255e-04
2.301058575971473601e+03 1.072442391887307167e-04
2.401167874647207555e+03 -3.500310995150357485e-04
2.505632504293651891e+03 -2.576436672825366259e-04
2.614641946888158600e+03 8.402547246078029275e-05
2.728393927965224520e+03 7.901545359345618635e-06
2.847094775258697155e+03 1.719054416753351688e-04
2.970959792946985999e+03 1.674543891567736864e-04
3.100213652180082590e+03 -1.968713040696457028e-04
3.235090798596772402e+03 1.898065966088324785e-04
3.375835877571180390e+03 1.090684781956952065e-05
3.522704177959991284e+03 -6.596808088943362236e-05
3.675962095155237876e+03 -1.148935439232445788e-06
3.835887614282542017e+03 2.285021910211071372e-04
4.002770814421259274e+03 1.252899382961913943e-04
4.176914394761118274e+03 -1.116636121878400445e-04
4.358634223649688465e+03 -1.028095539368223399e-05
4.548259911526584801e+03 1.444005902158096433e-04
4.746135408783600724e+03 2.681701444089412689e-04
4.952619629635212732e+03 5.882569894311018288e-05
5.168087103131028925e+03 7.547450513811782002e-05
5.392928652491033972e+03 -1.046968027367256582e-04
5.627552103995834841e+03 9.920126467477530241e-05
5.872383026717707253e+03 1.440421765437349677e-04
6.127865504434204922e+03 -3.405402594580664299e-06
6.394462941124460485e+03 -2.183374017477035522e-04
6.672658901509206771e+03 -2.305337111465632915e-04
6.962957988159124397e+03 -1.109983350033871830e-04
7.265886756762472032e+03 -1.040094648487865925e-04
7.581994671212109097e+03 -3.227693669032305479e-04
7.911855100244319146e+03 -4.550763405859470367e-04
8.256066357437146507e+03 -6.302673718892037868e-04
8.615252786454671877e+03 2.376687771175056696e-04
8.990065893505638087e+03 -2.267397030664142221e-05
9.381185529070553457e+03 1.566962891956791282e-04
9.789321121040737125e+03 4.108571156393736601e-04
