1.982589950881514937e+02 9.064804559181522947e-01
3.048734469695965572e+02 7.165382452164478222e-01
4.009105651627324960e+02 9.267737388090152573e-01
5.069740167368212269e+02 8.747552244511828112e-01
5.928495598393640194e+02 4.660074418283762232e-01
6.932714281177487692e+02 8.822584931623672633e-01
8.107036010529400301e+02 6.680389863367226511e-01
9.116564358770771150e+02 5.070328024059447269e-01
9.858494587178394113e+02 9.367918535548338532e-01
1.108612324749449726e+03 8.647850902386499117e-01
1.198834141099109502e+03 3.685550494963135137e-01
1.296398448564652654e+03 7.594728222748389768e-02
1.401902798580622630e+03 6.142695557844597420e-01
1.515993372904880061e+03 3.240676173350752753e-01
1.576474690799666178e+03 4.363090318730291628e-01
1.704772389515363102e+03 4.188129636420012125e-01
1.772785141201054103e+03 4.842913326579596500e-01
1.917059105928077997e+03 6.158897237026491611e-01
1.993541142908595248e+03 6.647079127595695303e-01
2.073074469211700034e+03 5.055191824935060252e-01
2.241786777261007046e+03 5.607895698932000572e-01
2.331223987971264251e+03 4.698746198742751456e-01
2.424229341174274396e+03 1.113336754631176345e-01
2.520945189708942053e+03 3.458968239564013114e-01
2.621519565652261463e+03 1.013687798025029591e-01
2.726106406895375585e+03 2.776777348462200479e-01
2.834865792758993848e+03 4.363788894860631262e-01
2.947964189008821450e+03 3.135886212045006505e-01
3.065574702645990328e+03 3.876089351001628658e-01
3.187877346862481318e+03 4.142415393789204980e-01
3.315059316567088899e+03 3.567558847600815763e-01
3.447315274903620775e+03 3.489277347811922114e-01
3.584847651199883330e+03 2.223481811267234154e-01
3.727866950803510917e+03 3.527710759676159213e-01
3.876592077278823126e+03 4.111031067661344296e-01
4.031250667457909003e+03 3.807316943063389081e-01
4.192079439858741353e+03 2.285024050180739230e-01
4.359324557003589689e+03 2.297045905296186130e-01
4.533242002192329892e+03 2.597684321796639995e-01
4.714097971307303851e+03 1.373395947914820281e-01
4.902169280249422627e+03 1.636811482268918094e-01
5.097743788629162736e+03 2.746197629008124141e-01
5.301120840360902548e+03 2.066820807238508306e-01
5.512611721834996388e+03 1.706364487052763335e-01
5.732540138368876796e+03 1.854862317129262472e-01
5.961242709666372320e+03 2.281960717518850268e-01
6.199069485043654822e+03 2.753245987247872617e-01
6.446384479210398240e+03 1.948476364927818616e-01
6.703566229426136488e+03 1.871591971578676628e-01
6.971008374884715522e+03 1.258779605264126189e-01
7.249120259213560530e+03 1.897967512069559104e-01
7.538327557009928569e+03 2.212207881391342335e-01
7.839072925373187900e+03 1.987058470806808697e-01
8.151816681430262179e+03 2.039393484305677684e-01
8.477037506891305384e+03 9.857603355520073996e-02
8.815233180714003538e+03 1.364951214690177106e-01
9.166921340997856532e+03 1.433590667586530365e-01
9.532640277274609616e+03 1.301844338379923027e-01
9.912949754407567525e+03 1.322245505481748629e-01
1.030843186936070742e+04 1.374330304824647742e-01
1.071969194214906747e+04 9.613044749343672979e-02
1.114735944233409100e+04 9.413998258345913916e-02
1.159208895248186127e+04 1.076319437139738877e-01
1.205456117005906890e+04 1.182562941370957216e-01
1.253548394930015820e+04 1.121205833968058341e-01
1.303559338464013672e+04 1.009543662468685155e-01
1.355565493737164434e+04 6.782028528238435994e-02
1.409646460725048564e+04 1.007275662923101250e-01
1.465885015084295628e+04 9.223990402083603879e-02
1.524367234847982581e+04 5.966370879257859583e-02
1.585182632175594517e+04 1.075281523404857942e-01
1.648424290359227234e+04 1.003106275317662277e-01
1.714189006295725630e+04 9.945448531229213185e-02
1.782577438642800553e+04 1.264710270952014159e-01
1.853694261885925880e+04 1.032003482014755835e-01
1.927648326551812715e+04 1.125951674537187669e-01
2.004552825813662275e+04 1.103539217848737430e-01
2.084525468743237434e+04 1.108074451829094698e-01
2.167688660474912831e+04 1.069106961312562276e-01
2.254169689557440142e+04 8.700543744986181938e-02
2.344100922780231122e+04 8.421725736556794073e-02
2.437620007772318422e+04 8.189862162751307406e-02
2.534870083684104611e+04 8.293517730327167048e-02
2.636000000274380000e+04 8.591568351918607571e-02
2.741164545737900335e+04 8.362262082489758941e-02
2.850524683622281736e+04 7.935418063545227052e-02
2.964247799196818596e+04 6.433451116926632019e-02
3.082507955650280201e+04 6.870175615730883534e-02
3.205486160509876208e+04 9.411945801738784423e-02
3.333370642689138913e+04 8.239870704923114852e-02
3.466357140588743641e+04 6.829357863191196087e-02
3.604649201691285270e+04 7.155554398018111606e-02
3.748458494108525338e+04 5.184081859399668896e-02
3.898005130557976372e+04 7.588047088756880165e-02
4.053518005264701787e+04 8.224416096750471195e-02
4.215235144303960260e+04 8.983439287790125072e-02
4.383404069920966867e+04 8.546082084722736449e-02
4.558282179385382187e+04 7.980149957090144908e-02
4.740137138960356242e+04 7.825330692617400719e-02
4.929247293589194305e+04 6.889025379690544293e-02
5.125902092926688783e+04 7.574239939070205596e-02
5.330402534367140470e+04 8.157764898125086095e-02
5.543061623747244448e+04 8.389858803530760023e-02
5.764204854428952967e+04 7.926528881573524643e-02
5.994170705495546281e+04 8.895454418190736068e-02
6.233311159823532216e+04 8.294720098826786903e-02
6.481992242823265406e+04 8.435583955057289474e-02
6.740594582672885736e+04 6.652742240928440076e-02
7.009513992903112376e+04 5.867205098840962835e-02
7.289162078224474681e+04 6.551143480977053568e-02
7.579966864524396078e+04 5.888366097752421868e-02
7.882373453998325567e+04 6.388886038072361107e-02
8.196844706417585257e+04 6.741905406341994200e-02
8.523861947576810780e+04 5.758532939552407637e-02
8.863925706005263783e+04 6.039599748095798165e-02
9.217556479069538182e+04 5.522541411017124063e-02
9.585295529640384484e+04 6.163000767377204564e-02
9.967705714542970236e+04 5.867425368507225153e-02
1.036537234605849953e+05 5.582247959217748884e-02
1.077890408779594873e+05 6.078069703539212831e-02
1.120893388630503468e+05 5.859221058593586801e-02
1.165611993985631998e+05 5.305864276222339859e-02
1.212114670587137080e+05 5.896686513527554796e-02
1.260472594854470954e+05 -3.682246020896233762e-01
1.310759782826130104e+05 -1.926227370124116822e+00
1.363053203447686974e+05 -3.629656932544248704e+00
1.417432896379496669e+05 -5.391607455162954032e+00
1.473982094504409761e+05 -7.218419475619374914e+00
1.532787351322994509e+05 -9.127970862534629859e+00
1.593938673431240604e+05 -1.110119905577438004e+01
1.657529658283545286e+05 -1.315585520299094746e+01
1.723657637451810879e+05 -1.530852911652607773e+01
1.792423825599941483e+05 -1.753976627438459346e+01
1.863933475401755131e+05 -1.985440912714712169e+01
1.938296038639411272e+05 -2.224585921007282607e+01
2.015625333728953265e+05 -2.473771946155641288e+01
2.096039719929369749e+05 -2.734283168930667074e+01
2.179662278501794790e+05 -3.005933338574259395e+01
2.266621001096163527e+05 -3.287459111311915905e+01
2.357048985653650307e+05 -3.580284485319131704e+01
2.451084640124711150e+05 -3.884282503045528046e+01
