2.043042592301205218e+00 3.320430964231491089e-02
4.038266916426432651e+00 2.452820912003517151e-02
5.924458630491677091e+00 1.968604139983654022e-02
7.982016503109700345e+00 1.644462719559669495e-02
9.876131672327348454e+00 1.409598253667354584e-02
1.221971625480199464e+01 1.232771296054124832e-02
1.388499320813136961e+01 1.085349451750516891e-02
1.577721056445088976e+01 9.718939661979675293e-03
1.792729527942781687e+01 8.730095811188220978e-03
2.037038896850017622e+01 7.971929386258125305e-03
2.218140348862271338e+01 7.290215231478214264e-03
2.415342492899436877e+01 6.596631370484828949e-03
2.630076749200283004e+01 6.216037552803754807e-03
2.744500233059069672e+01 5.882041994482278824e-03
2.988498017305386512e+01 5.560537800192832947e-03
3.254188245953778136e+01 5.201016087085008621e-03
3.395764173860658985e+01 4.880244378000497818e-03
3.543499469894943132e+01 4.580775275826454163e-03
3.858531696424819302e+01 4.414826631546020508e-03
4.026400044532429234e+01 4.286948125809431076e-03
4.201571632450789906e+01 4.038878716528415680e-03
4.384364193167296975e+01 3.918242640793323517e-03
4.575109282883960304e+01 3.796593053266406059e-03
4.774152882406840348e+01 3.548252861946821213e-03
4.981856024699383312e+01 3.368535311892628670e-03
5.198595449737955221e+01 3.164844587445259094e-03
5.424764287857346545e+01 3.094989340752363205e-03
5.660772772825743004e+01 2.893679309636354446e-03
5.907048985942578412e+01 2.594781806692481041e-03
6.164039632508912803e+01 2.256629522889852524e-03
6.432210852078745233e+01 2.168771112337708473e-03
6.712049063960940032e+01 1.977674663066864014e-03
7.004061849505332304e+01 1.835609436966478825e-03
7.308778872773380897e+01 1.917464192956686020e-03
7.626752841263277105e+01 1.772369840182363987e-03
7.958560508432152858e+01 1.720633590593934059e-03
8.304803719833741127e+01 1.712827710434794426e-03
8.666110504769095257e+01 1.542869256809353828e-03
9.043136215430361347e+01 1.455223653465509415e-03
9.436564715603878994e+01 1.502545550465583801e-03
9.847109621088709730e+01 1.450719311833381653e-03
1.027551559408053947e+02 1.193793257698416710e-03
1.072255969386869054e+02 1.107647316530346870e-03
1.118905278629624860e+02 1.005756319500505924e-03
1.167584101453984573e+02 8.132196962833404541e-04
1.218380733387679697e+02 9.368718601763248444e-04
1.271387311322346534e+02 9.082041215151548386e-04
1.326699980634978431e+02 8.691209368407726288e-04
1.384419069580119697e+02 8.371982839889824390e-04
1.444649271269125279e+02 8.356070029549300671e-04
1.507499833566568839e+02 7.903440855443477631e-04
1.573084757248236087e+02 6.761740078218281269e-04
1.641523002780131151e+02 6.623381632380187511e-04
1.712938706093561052e+02 5.650039529427886009e-04
1.787461403747681743e+02 4.723290330730378628e-04
1.865226267887907738e+02 4.444159567356109619e-04
1.946374351426364342e+02 3.138376050628721714e-04
2.031052843889107180e+02 2.828550350386649370e-04
2.119415338394164223e+02 2.656259166542440653e-04
2.211622110244661883e+02 2.167940256185829639e-04
2.307840407642355842e+02 2.884590649046003819e-04
2.408244755048876584e+02 3.501791507005691528e-04
2.513017269744933060e+02 2.950231428258121014e-04
2.622347992161663228e+02 3.381525457371026278e-04
2.736435230583305724e+02 3.911209932994097471e-04
2.855485920846421095e+02 4.398383607622236013e-04
2.979716001688096867e+02 4.805792414117604494e-04
3.109350806423963718e+02 2.805137482937425375e-04
3.244625471666464591e+02 1.744030305417254567e-04
3.385785363824716114e+02 1.229336630785837770e-04
3.533086524159566579e+02 2.192516985815018415e-04
3.686796133201125372e+02 2.336544275749474764e-04
3.847192995371116240e+02 3.376891545485705137e-04
4.014568044689100361e+02 4.173692432232201099e-04
4.189224872479830992e+02 2.815425978042185307e-04
4.371480278038918641e+02 2.625381166581064463e-04
4.561664843255612141e+02 2.158187999157235026e-04
4.760123532234998152e+02 1.918455673148855567e-04
4.967216317007205930e+02 2.382419770583510399e-04
5.183318830458571256e+02 1.506364351371303201e-04
5.408823047669059179e+02 5.770602729171514511e-05
5.644137996891803368e+02 -9.943850454874336720e-05
5.889690501464336876e+02 -4.112773967790417373e-05
6.145925953997221995e+02 4.273477679817005992e-05
6.413309124244375425e+02 2.140932774636894464e-04
6.692325002120380759e+02 2.900451945606619120e-04
6.983479677393909242e+02 1.504218089394271374e-04
7.287301257652891309e+02 5.271912596072070301e-05
7.604340826206433803e+02 6.884220783831551671e-05
7.935173441660990648e+02 1.890088969958014786e-05
8.280399180983863516e+02 3.078131339862011373e-05
8.640644227945977036e+02 1.044313466991297901e-05
9.016562008918157289e+02 3.274568734923377633e-05
9.408834378081107843e+02 -2.186029996664728969e-05
9.818172854198849109e+02 -3.506452776491641998e-05
1.024531991119891472e+03 4.900646786154538859e-07
1.069105032490020221e+03 6.733099144184961915e-05
1.115617257833127042e+03 7.361558527918532491e-05
1.164153032818806423e+03 1.299655559705570340e-04
1.214800393509098967e+03 4.417070522322319448e-05
1.267651206041699197e+03 9.403139847563579679e-05
1.322801333260301590e+03 3.028469291166402400e-05
1.380350808594325599e+03 -2.201885399699676782e-05
1.440404017503412206e+03 1.527894346509128809e-05
1.503069886815799691e+03 1.950326695805415511e-04
1.568462082304007026e+03 1.047513578669168055e-04
1.636699214856203298e+03 1.253748778253793716e-04
1.707905055617212383e+03 7.950614963192492723e-05
1.782208760489390897e+03 8.838835492497310042e-05
1.859745104400591799e+03 -2.373348797846119851e-05
1.940654725764129353e+03 9.168380347546190023e-05
2.025084381574161853e+03 -1.544837869005277753e-05
2.113187213599192091e+03 -1.357469009235501289e-04
2.205123026156517881e+03 1.679428896750323474e-05
2.301058575971473601e+03 -1.108978267438942567e-06
2.401167874647207555e+03 4.094766336493194103e-05
2.505632504293651891e+03 4.307753624743781984e-05
2.614641946888158600e+03 4.928070848109200597e-05
2.728393927965224520e+03 -1.017291724565438926e-04
2.847094775258697155e+03 1.138175048254197463e-05
2.970959792946985999e+03 1.074834290193393826e-04
3.100213652180082590e+03 1.606845034984871745e-04
3.235090798596772402e+03 3.544505671015940607e-05
3.375835877571180390e+03 -7.587163418065756559e-05
3.522704177959991284e+03 2.282496825500857085e-05
3.675962095155237876e+03 -1.607700105523690581e-04
3.835887614282542017e+03 1.649294790695421398e-05
4.002770814421259274e+03 4.465907841222360730e-05
4.176914394761118274e+03 3.258553988416679204e-05
4.358634223649688465e+03 -1.070778580469777808e-05
4.548259911526584801e+03 -2.274521102663129568e-05
4.746135408783600724e+03 -3.447672497713938355e-06
4.952619629635212732e+03 9.759730164660140872e-05
5.168087103131028925e+03 6.777563976356759667e-05
5.392928652491033972e+03 -5.196247002459131181e-06
5.627552103995834841e+03 -2.406365820206701756e-05
5.872383026717707253e+03 1.487535337219014764e-04
6.127865504434204922e+03 6.501012103399261832e-05
6.394462941124460485e+03 -7.157971413107588887e-05
6.672658901509206771e+03 4.424661892699077725e-05
6.962957988159124397e+03 -9.658804628998041153e-05
7.265886756762472032e+03 -1.021702337311580777e-04
7.581994671212109097e+03 -1.715474172669928521e-05
7.911855100244319146e+03 -1.999600208364427090e-04
8.256066357437146507e+03 -2.589203941170126200e-04
8.615252786454671877e+03 2.940421654784586281e-05
8.990065893505638087e+03 -2.193962864112108946e-04
9.381185529070553457e+03 -2.883489651139825583e-05
9.789321121040737125e+03 -2.388479915680363774e-04
