1.982589950881514937e+02 1.024022275752391353e+00
3.048734469695965572e+02 1.316454732581548326e+00
4.009105651627324960e+02 9.483209244790534731e-01
5.069740167368212269e+02 1.113457311599024502e+00
5.928495598393640194e+02 7.973192057169037339e-01
6.932714281177487692e+02 1.087587832570939828e+00
8.107036010529400301e+02 1.812691965152848583e+00
9.116564358770771150e+02 1.206696094429601018e+00
9.858494587178394113e+02 1.360406398745649836e+00
1.108612324749449726e+03 2.076254296442296088e+00
1.198834141099109502e+03 1.158863220901147573e+00
1.296398448564652654e+03 1.356024067690029256e+00
1.401902798580622630e+03 1.742330506075816077e+00
1.515993372904880061e+03 1.023175852114938555e+00
1.576474690799666178e+03 1.387550140161418533e+00
1.704772389515363102e+03 1.113955333631864830e+00
1.772785141201054103e+03 9.727520422799553756e-01
1.917059105928077997e+03 1.296828265653834134e+00
1.993541142908595248e+03 9.153268343070527502e-01
2.073074469211700034e+03 1.092154211388101537e+00
2.241786777261007046e+03 1.259763434119412606e+00
2.331223987971264251e+03 1.008790692990477522e+00
2.424229341174274396e+03 1.137525637227547959e+00
2.520945189708942053e+03 9.031821291906471094e-01
2.621519565652261463e+03 1.073188772084016085e+00
2.726106406895375585e+03 1.142848112749738299e+00
2.834865792758993848e+03 1.426814753563009353e+00
2.947964189008821450e+03 6.147214460960616078e-01
3.065574702645990328e+03 8.393043587169763953e-01
3.187877346862481318e+03 7.727685144420175511e-01
3.315059316567088899e+03 5.900429676361451659e-01
3.447315274903620775e+03 7.089747554870967639e-01
3.584847651199883330e+03 6.448146144094192289e-01
3.727866950803510917e+03 7.146947662718288186e-01
3.876592077278823126e+03 4.689137539024045842e-01
4.031250667457909003e+03 3.570093627019595983e-01
4.192079439858741353e+03 6.581819312367824804e-01
4.359324557003589689e+03 7.430785576462677344e-01
4.533242002192329892e+03 6.102228885320720719e-01
4.714097971307303851e+03 4.953673111538674512e-01
4.902169280249422627e+03 4.404989224425494565e-01
5.097743788629162736e+03 4.494217663106345739e-01
5.301120840360902548e+03 5.973229070003949204e-01
5.512611721834996388e+03 4.756413317673428010e-01
5.732540138368876796e+03 5.837619216274008149e-01
5.961242709666372320e+03 6.019601251260032759e-01
6.199069485043654822e+03 3.562552088533317840e-01
6.446384479210398240e+03 3.324265711184036798e-01
6.703566229426136488e+03 5.825877958558967062e-01
6.971008374884715522e+03 6.327809605946025373e-01
7.249120259213560530e+03 3.627913447670862990e-01
7.538327557009928569e+03 2.831243544834460280e-01
7.839072925373187900e+03 3.140027795763961627e-01
8.151816681430262179e+03 1.344500640417674309e-01
8.477037506891305384e+03 1.930004438776913023e-01
8.815233180714003538e+03 2.086263240944280783e-01
9.166921340997856532e+03 1.753305272552307670e-01
9.532640277274609616e+03 1.561599537063978749e-01
9.912949754407567525e+03 2.296158163603704283e-01
1.030843186936070742e+04 1.400625677764580634e-01
1.071969194214906747e+04 2.568776158327726877e-01
1.114735944233409100e+04 8.988783603225558236e-03
1.159208895248186127e+04 -2.210508511008240501e-02
1.205456117005906890e+04 -2.949007063178218230e-02
1.253548394930015820e+04 6.465421520896814933e-02
1.303559338464013672e+04 2.053006213122334899e-03
1.355565493737164434e+04 1.093618359763595151e-02
1.409646460725048564e+04 -2.280386553531715821e-02
1.465885015084295628e+04 -1.812059880898899550e-02
1.524367234847982581e+04 -2.267932102191069776e-02
1.585182632175594517e+04 7.909311996002155176e-02
1.648424290359227234e+04 3.707324298402266821e-02
1.714189006295725630e+04 -7.899389258633932043e-02
1.782577438642800553e+04 -3.528900240902677760e-02
1.853694261885925880e+04 3.706847099796127185e-03
1.927648326551812715e+04 -3.051291203711372496e-02
2.004552825813662275e+04 1.400053384956546909e-01
2.084525468743237434e+04 2.069506121431833323e-01
2.167688660474912831e+04 1.043288978109868231e-01
2.254169689557440142e+04 9.032444639150874477e-02
2.344100922780231122e+04 7.936011708797705011e-02
2.437620007772318422e+04 1.135462276285284927e-01
2.534870083684104611e+04 8.443970080784482524e-02
2.636000000274380000e+04 9.018663940424694048e-02
2.741164545737900335e+04 7.733284659523359528e-02
2.850524683622281736e+04 1.294226890004913644e-01
2.964247799196818596e+04 1.498614861226905404e-01
3.082507955650280201e+04 2.427457922234939891e-01
3.205486160509876208e+04 2.079840158563812658e-01
3.333370642689138913e+04 1.799032060187995830e-01
3.466357140588743641e+04 1.857234847772422093e-01
3.604649201691285270e+04 1.627269903398013695e-01
3.748458494108525338e+04 1.450935057631258795e-01
3.898005130557976372e+04 1.512813851090534512e-01
4.053518005264701787e+04 2.214745774736905093e-01
4.215235144303960260e+04 1.568017440826146580e-01
4.383404069920966867e+04 1.324293463132325543e-01
4.558282179385382187e+04 1.454361261169973274e-01
4.740137138960356242e+04 1.457515955681521203e-01
4.929247293589194305e+04 1.218289978657964151e-01
5.125902092926688783e+04 1.013833477615199152e-01
5.330402534367140470e+04 1.302138057664929405e-01
5.543061623747244448e+04 2.131193954387714251e-01
5.764204854428952967e+04 1.856542813557444660e-01
5.994170705495546281e+04 2.078547475725213978e-01
6.233311159823532216e+04 1.574528380453651399e-01
6.481992242823265406e+04 1.509519835630425411e-01
6.740594582672885736e+04 1.359427760412406649e-01
7.009513992903112376e+04 1.697650053037612627e-01
7.289162078224474681e+04 1.383249206081770544e-01
7.579966864524396078e+04 3.862127661072081719e-02
7.882373453998325567e+04 9.066317772374565820e-02
8.196844706417585257e+04 1.067453705686458171e-01
8.523861947576810780e+04 1.139168512065095729e-01
8.863925706005263783e+04 9.360057475468142041e-02
9.217556479069538182e+04 1.252234295487656690e-01
9.585295529640384484e+04 1.114199411809952689e-01
9.967705714542970236e+04 1.163670936663896011e-01
1.036537234605849953e+05 1.390279465551361171e-01
1.077890408779594873e+05 1.310786225947945527e-01
1.120893388630503468e+05 1.286250315401280819e-01
1.165611993985631998e+05 9.925151137034333992e-02
1.212114670587137080e+05 9.322991260727792051e-02
1.260472594854470954e+05 7.613885905695136902e-01
1.310759782826130104e+05 3.214189299167999447e+00
1.363053203447686974e+05 5.879246224430464629e+00
1.417432896379496669e+05 8.651398266446390650e+00
1.473982094504409761e+05 1.150336295800263287e+01
1.532787351322994509e+05 1.448412444890011663e+01
1.593938673431240604e+05 1.759325681192617807e+01
1.657529658283545286e+05 2.082141075449165513e+01
1.723657637451810879e+05 2.419904781838014074e+01
1.792423825599941483e+05 2.769860531359626066e+01
1.863933475401755131e+05 3.133215918872112127e+01
1.938296038639411272e+05 3.508904216626029182e+01
2.015625333728953265e+05 3.899837585153013464e+01
2.096039719929369749e+05 4.309403492254663348e+01
2.179662278501794790e+05 4.734541050951590080e+01
2.266621001096163527e+05 5.175932467789670710e+01
2.357048985653650307e+05 5.634611188652657887e+01
2.451084640124711150e+05 6.111918009160325482e+01
