1.982589950881514937e+02 8.224698093097403406e-01
3.048734469695965572e+02 1.022449043643101518e+00
4.009105651627324960e+02 1.041150142043860471e+00
5.069740167368212269e+02 8.095722179817296249e-01
5.928495598393640194e+02 8.492803487903898274e-01
6.932714281177487692e+02 8.011394810749709050e-01
8.107036010529400301e+02 8.278893516423070364e-01
9.116564358770771150e+02 1.049644499662283792e+00
9.858494587178394113e+02 9.950521984008711129e-01
1.108612324749449726e+03 6.403429464631095192e-01
1.198834141099109502e+03 9.579786963194124594e-01
1.296398448564652654e+03 8.243741407913641739e-01
1.401902798580622630e+03 8.784457797632515552e-01
1.515993372904880061e+03 8.581330555150500361e-01
1.576474690799666178e+03 8.125463616920142185e-01
1.704772389515363102e+03 7.837714306548601018e-01
1.772785141201054103e+03 8.412503727677242971e-01
1.917059105928077997e+03 5.556896484795535995e-01
1.993541142908595248e+03 8.256519963205818380e-01
2.073074469211700034e+03 6.591495672458017596e-01
2.241786777261007046e+03 6.135557211135368449e-01
2.331223987971264251e+03 7.908322259653722819e-01
2.424229341174274396e+03 6.850718376305241497e-01
2.520945189708942053e+03 5.982599670325057239e-01
2.621519565652261463e+03 7.306035571694312614e-01
2.726106406895375585e+03 6.913003723996967720e-01
2.834865792758993848e+03 4.290553671579220851e-01
2.947964189008821450e+03 3.448658011081460750e-01
3.065574702645990328e+03 3.723306704649607668e-01
3.187877346862481318e+03 3.546510661477450532e-01
3.315059316567088899e+03 4.363678447627292178e-01
3.447315274903620775e+03 4.304286707076588891e-01
3.584847651199883330e+03 4.721324300889996883e-01
3.727866950803510917e+03 4.929870108634560877e-01
3.876592077278823126e+03 4.975895669891414186e-01
4.031250667457909003e+03 6.121423495688655958e-01
4.192079439858741353e+03 5.699645379582829463e-01
4.359324557003589689e+03 6.054493076972347065e-01
4.533242002192329892e+03 5.132648182340548981e-01
4.714097971307303851e+03 4.245722535891824356e-01
4.902169280249422627e+03 3.938730877120473761e-01
5.097743788629162736e+03 4.206644625897424383e-01
5.301120840360902548e+03 4.145539679346448292e-01
5.512611721834996388e+03 4.109430875578136133e-01
5.732540138368876796e+03 3.005205212230869227e-01
5.961242709666372320e+03 1.642661110895211329e-01
6.199069485043654822e+03 2.005025527507598715e-01
6.446384479210398240e+03 2.096896247737733976e-01
6.703566229426136488e+03 4.286643995875252244e-01
6.971008374884715522e+03 4.400702387051443343e-01
7.249120259213560530e+03 5.128917288455776546e-01
7.538327557009928569e+03 4.400169797418935214e-01
7.839072925373187900e+03 4.557225507067517722e-01
8.151816681430262179e+03 3.364626842582602029e-01
8.477037506891305384e+03 3.288187929165049539e-01
8.815233180714003538e+03 3.465334529287050214e-01
9.166921340997856532e+03 2.801702230373719349e-01
9.532640277274609616e+03 2.737832878823798222e-01
9.912949754407567525e+03 3.843323267906130769e-01
1.030843186936070742e+04 3.192164010271921204e-01
1.071969194214906747e+04 2.983868831544216338e-01
1.114735944233409100e+04 4.263639352379509084e-01
1.159208895248186127e+04 2.973478887868705733e-01
1.205456117005906890e+04 2.478411827416446001e-01
1.253548394930015820e+04 2.382741458223231190e-01
1.303559338464013672e+04 2.899192585943292100e-01
1.355565493737164434e+04 3.738560989137449386e-01
1.409646460725048564e+04 3.271393921629711099e-01
1.465885015084295628e+04 3.391496578601013723e-01
1.524367234847982581e+04 3.067928482284725811e-01
1.585182632175594517e+04 2.084615880459304849e-01
1.648424290359227234e+04 2.475942424685297349e-01
1.714189006295725630e+04 3.383919422521898812e-01
1.782577438642800553e+04 3.267195767461950617e-01
1.853694261885925880e+04 1.992289191584648567e-01
1.927648326551812715e+04 1.801557596996697652e-01
2.004552825813662275e+04 2.526544477663699717e-01
2.084525468743237434e+04 2.708932876542087254e-01
2.167688660474912831e+04 2.940345203802803287e-01
2.254169689557440142e+04 3.028937434072717649e-01
2.344100922780231122e+04 2.674078179939998190e-01
2.437620007772318422e+04 2.164020643899716434e-01
2.534870083684104611e+04 1.622822957735689797e-01
2.636000000274380000e+04 2.001448792797099752e-01
2.741164545737900335e+04 2.402761012468433988e-01
2.850524683622281736e+04 2.180079714541731661e-01
2.964247799196818596e+04 2.354684914352013492e-01
3.082507955650280201e+04 2.035987807493248036e-01
3.205486160509876208e+04 1.502061102703092510e-01
3.333370642689138913e+04 1.993604720315407808e-01
3.466357140588743641e+04 2.248494052940833154e-01
3.604649201691285270e+04 1.965594735323736852e-01
3.748458494108525338e+04 1.702604034045649695e-01
3.898005130557976372e+04 1.876313010725141617e-01
4.053518005264701787e+04 1.597774842012550933e-01
4.215235144303960260e+04 1.977618726587270226e-01
4.383404069920966867e+04 1.907853380219120543e-01
4.558282179385382187e+04 1.748896549158887870e-01
4.740137138960356242e+04 1.570021457949899168e-01
4.929247293589194305e+04 1.339334510268198608e-01
5.125902092926688783e+04 1.170682635943550431e-01
5.330402534367140470e+04 9.349957194318474218e-02
5.543061623747244448e+04 1.284501136606321370e-01
5.764204854428952967e+04 1.310247250781332307e-01
5.994170705495546281e+04 1.595232488396546022e-01
6.233311159823532216e+04 1.110568997229363086e-01
6.481992242823265406e+04 1.045676872083156350e-01
6.740594582672885736e+04 1.646760709907381104e-01
7.009513992903112376e+04 1.418300692049226652e-01
7.289162078224474681e+04 1.432800365524589947e-01
7.579966864524396078e+04 1.515934069165977838e-01
7.882373453998325567e+04 1.191998612072864561e-01
8.196844706417585257e+04 1.068764968373462354e-01
8.523861947576810780e+04 1.369209450141231355e-01
8.863925706005263783e+04 1.416958024132990990e-01
9.217556479069538182e+04 1.158280625299144551e-01
9.585295529640384484e+04 1.074191415275490280e-01
9.967705714542970236e+04 1.089208223053683283e-01
1.036537234605849953e+05 8.862675244428996901e-02
1.077890408779594873e+05 9.790052441684482520e-02
1.120893388630503468e+05 1.012590713476654858e-01
1.165611993985631998e+05 1.285434874913791992e-01
1.212114670587137080e+05 1.194774985371132442e-01
1.260472594854470954e+05 -2.924578999923430761e-02
1.310759782826130104e+05 -6.317412030840467985e-01
1.363053203447686974e+05 -1.283658220991945598e+00
1.417432896379496669e+05 -1.973904013080881370e+00
1.473982094504409761e+05 -2.682442598512789544e+00
1.532787351322994509e+05 -3.426191987451324028e+00
1.593938673431240604e+05 -4.201309596043869554e+00
1.657529658283545286e+05 -5.000028241748768920e+00
1.723657637451810879e+05 -5.830731409768752371e+00
1.792423825599941483e+05 -6.700314562214478187e+00
1.863933475401755131e+05 -7.602484550801647423e+00
1.938296038639411272e+05 -8.536126366588074887e+00
2.015625333728953265e+05 -9.505339252786747295e+00
2.096039719929369749e+05 -1.052231569368612440e+01
2.179662278501794790e+05 -1.157395880729936266e+01
2.266621001096163527e+05 -1.266897533985488877e+01
2.357048985653650307e+05 -1.380455342818353337e+01
2.451084640124711150e+05 -1.498701531499452244e+01
