1.982589950881514937e+02 6.264009609207309426e-01
3.048734469695965572e+02 5.366040468958070964e-01
4.009105651627324960e+02 6.115226730873761785e-01
5.069740167368212269e+02 5.813374770014376747e-01
5.928495598393640194e+02 4.546931548395340417e-01
6.932714281177487692e+02 5.216383200193238645e-01
8.107036010529400301e+02 7.267142286154281150e-01
9.116564358770771150e+02 5.500971738504855102e-01
9.858494587178394113e+02 6.633102304478269984e-01
1.108612324749449726e+03 5.586156832372504155e-01
1.198834141099109502e+03 4.787231236893318420e-01
1.296398448564652654e+03 4.514872789960262534e-01
1.401902798580622630e+03 5.269308148086683241e-01
1.515993372904880061e+03 3.847161990727798742e-01
1.576474690799666178e+03 5.107674532043305904e-01
1.704772389515363102e+03 4.702196945438832931e-01
1.772785141201054103e+03 3.860112289478201952e-01
1.917059105928077997e+03 4.285495235140678871e-01
1.993541142908595248e+03 4.317581023592794165e-01
2.073074469211700034e+03 3.815261241786503388e-01
2.241786777261007046e+03 3.677806513683179457e-01
2.331223987971264251e+03 4.529549651217317785e-01
2.424229341174274396e+03 3.650096912010232231e-01
2.520945189708942053e+03 3.391613619018245540e-01
2.621519565652261463e+03 2.818712863851317585e-01
2.726106406895375585e+03 3.340834679053338863e-01
2.834865792758993848e+03 3.630919954569756247e-01
2.947964189008821450e+03 3.196384326573171730e-01
3.065574702645990328e+03 3.050183251080874069e-01
3.187877346862481318e+03 3.007631749889616013e-01
3.315059316567088899e+03 2.787056784250345198e-01
3.447315274903620775e+03 2.874711582772868090e-01
3.584847651199883330e+03 2.806216239537855928e-01
3.727866950803510917e+03 2.994562495474644703e-01
3.876592077278823126e+03 3.356236112618206646e-01
4.031250667457909003e+03 2.964211183749541068e-01
4.192079439858741353e+03 2.675002310125801364e-01
4.359324557003589689e+03 2.502853112135933755e-01
4.533242002192329892e+03 2.333010314680127872e-01
4.714097971307303851e+03 2.343140652568114213e-01
4.902169280249422627e+03 1.928394300404202844e-01
5.097743788629162736e+03 2.279313509282645533e-01
5.301120840360902548e+03 2.111846237094424650e-01
5.512611721834996388e+03 2.365988247467103456e-01
5.732540138368876796e+03 2.629754827093629954e-01
5.961242709666372320e+03 2.316911249795050032e-01
6.199069485043654822e+03 2.288870116900250107e-01
6.446384479210398240e+03 2.161220753020813845e-01
6.703566229426136488e+03 1.976346973071236857e-01
6.971008374884715522e+03 1.904432161837620041e-01
7.249120259213560530e+03 1.886648233537485675e-01
7.538327557009928569e+03 1.813098653867417365e-01
7.839072925373187900e+03 1.954685339145680600e-01
8.151816681430262179e+03 1.799484759789278243e-01
8.477037506891305384e+03 1.685086530207725308e-01
8.815233180714003538e+03 1.737981163271982432e-01
9.166921340997856532e+03 1.564828486294112808e-01
9.532640277274609616e+03 1.570385563726254541e-01
9.912949754407567525e+03 1.455769353188247350e-01
1.030843186936070742e+04 1.533134244623423070e-01
1.071969194214906747e+04 1.492190753364358025e-01
1.114735944233409100e+04 1.495793216641209400e-01
1.159208895248186127e+04 1.358180977288837021e-01
1.205456117005906890e+04 1.414178963645410514e-01
1.253548394930015820e+04 1.391426371525846251e-01
1.303559338464013672e+04 1.333693411804345585e-01
1.355565493737164434e+04 1.243940860939465737e-01
1.409646460725048564e+04 1.176799882813114040e-01
1.465885015084295628e+04 1.188987036462690883e-01
1.524367234847982581e+04 1.198539981249265307e-01
1.585182632175594517e+04 1.119346972001930007e-01
1.648424290359227234e+04 1.014824569789790770e-01
1.714189006295725630e+04 1.106840933292747992e-01
1.782577438642800553e+04 1.103897973473398630e-01
1.853694261885925880e+04 9.985823882593337919e-02
1.927648326551812715e+04 9.842879914805904851e-02
2.004552825813662275e+04 9.395396696761479371e-02
2.084525468743237434e+04 9.723285743014381532e-02
2.167688660474912831e+04 9.821117309518924421e-02
2.254169689557440142e+04 8.724827650880408181e-02
2.344100922780231122e+04 8.467912491419279930e-02
2.437620007772318422e+04 8.507104064790069198e-02
2.534870083684104611e+04 8.380640644400368100e-02
2.636000000274380000e+04 8.793143816454816741e-02
2.741164545737900335e+04 8.579018914389617556e-02
2.850524683622281736e+04 8.423391487083217721e-02
2.964247799196818596e+04 8.556165695479088507e-02
3.082507955650280201e+04 8.389683305244184652e-02
3.205486160509876208e+04 7.505736056759826358e-02
3.333370642689138913e+04 7.090219197975419774e-02
3.466357140588743641e+04 7.283582540442690156e-02
3.604649201691285270e+04 7.392916889553238780e-02
3.748458494108525338e+04 7.163815041572615949e-02
3.898005130557976372e+04 7.338516131049649394e-02
4.053518005264701787e+04 7.159728254646946510e-02
4.215235144303960260e+04 7.201967560435657001e-02
4.383404069920966867e+04 7.214674879512035510e-02
4.558282179385382187e+04 7.030582204227285581e-02
4.740137138960356242e+04 6.810894400047227959e-02
4.929247293589194305e+04 6.824237412902375843e-02
5.125902092926688783e+04 6.904932536310426361e-02
5.330402534367140470e+04 6.922461420385135622e-02
5.543061623747244448e+04 6.925063591709346156e-02
5.764204854428952967e+04 6.894767761871591072e-02
5.994170705495546281e+04 6.985753766375127349e-02
6.233311159823532216e+04 6.529407632513029025e-02
6.481992242823265406e+04 6.550003593469347352e-02
6.740594582672885736e+04 6.353009269533996251e-02
7.009513992903112376e+04 6.258843213938282413e-02
7.289162078224474681e+04 6.198821558861902781e-02
7.579966864524396078e+04 6.229829990941144341e-02
7.882373453998325567e+04 6.065765456313686882e-02
8.196844706417585257e+04 6.246578809060276266e-02
8.523861947576810780e+04 6.094477222201365174e-02
8.863925706005263783e+04 6.062450359903111957e-02
9.217556479069538182e+04 5.999654309922843043e-02
9.585295529640384484e+04 5.939646171265239305e-02
9.967705714542970236e+04 6.039107827876037671e-02
1.036537234605849953e+05 6.111114608343524990e-02
1.077890408779594873e+05 6.146502211662298321e-02
1.120893388630503468e+05 6.096420825676918120e-02
1.165611993985631998e+05 6.205875156418325100e-02
1.212114670587137080e+05 6.172698472653770363e-02
1.260472594854470954e+05 9.671433659253172999e-02
1.310759782826130104e+05 2.234326399346338865e-01
1.363053203447686974e+05 3.588911310603196680e-01
1.417432896379496669e+05 5.002719223078928579e-01
1.473982094504409761e+05 6.462971249206902469e-01
1.532787351322994509e+05 7.991889910432877775e-01
1.593938673431240604e+05 9.571360825395994754e-01
1.657529658283545286e+05 1.122091542315274193e+00
1.723657637451810879e+05 1.294066694992334954e+00
1.792423825599941483e+05 1.472688442973739464e+00
1.863933475401755131e+05 1.658014508643432805e+00
1.938296038639411272e+05 1.849691163664630711e+00
2.015625333728953265e+05 2.049632079562691001e+00
2.096039719929369749e+05 2.258349177537454455e+00
2.179662278501794790e+05 2.476117565152677003e+00
2.266621001096163527e+05 2.701389231203315866e+00
2.357048985653650307e+05 2.936399607002595058e+00
2.451084640124711150e+05 3.179783885703849844e+00
