1.982589950881514937e+02 9.888272019209752850e-01
3.048734469695965572e+02 1.208261938005567915e+00
4.009105651627324960e+02 1.100351305955814318e+00
5.069740167368212269e+02 1.162723271607268627e+00
5.928495598393640194e+02 1.122512195079649500e+00
6.932714281177487692e+02 1.103943735477944665e+00
8.107036010529400301e+02 1.155830290305541519e+00
9.116564358770771150e+02 1.157360091298825333e+00
9.858494587178394113e+02 1.037291808043487196e+00
1.108612324749449726e+03 1.027033324256709124e+00
1.198834141099109502e+03 1.062893783410439719e+00
1.296398448564652654e+03 1.035729358514191123e+00
1.401902798580622630e+03 1.017564626849688958e+00
1.515993372904880061e+03 9.410288933293057267e-01
1.576474690799666178e+03 1.004836802729565326e+00
1.704772389515363102e+03 1.038339689640530583e+00
1.772785141201054103e+03 1.150227322762657378e+00
1.917059105928077997e+03 8.926191535895645623e-01
1.993541142908595248e+03 1.142224611176323457e+00
2.073074469211700034e+03 1.033590062900068718e+00
2.241786777261007046e+03 8.700718808601558552e-01
2.331223987971264251e+03 9.667122662470605254e-01
2.424229341174274396e+03 1.077508138861158926e+00
2.520945189708942053e+03 8.813068018834941952e-01
2.621519565652261463e+03 1.012179327764917813e+00
2.726106406895375585e+03 1.065228865818341752e+00
2.834865792758993848e+03 9.751282375355958543e-01
2.947964189008821450e+03 9.350023280060641984e-01
3.065574702645990328e+03 9.247983695857135977e-01
3.187877346862481318e+03 9.185219820185591688e-01
3.315059316567088899e+03 9.139612186260209770e-01
3.447315274903620775e+03 9.686982588911630110e-01
3.584847651199883330e+03 9.294846999179185998e-01
3.727866950803510917e+03 8.873382364003139511e-01
3.876592077278823126e+03 8.707180568241166263e-01
4.031250667457909003e+03 9.722696677423141587e-01
4.192079439858741353e+03 8.692890383996850767e-01
4.359324557003589689e+03 8.868219821411384984e-01
4.533242002192329892e+03 8.887586795255647543e-01
4.714097971307303851e+03 8.636144408016970253e-01
4.902169280249422627e+03 8.057909511844321138e-01
5.097743788629162736e+03 8.522555841247956288e-01
5.301120840360902548e+03 8.429027862098026347e-01
5.512611721834996388e+03 7.211196558531303147e-01
5.732540138368876796e+03 7.334376126120339956e-01
5.961242709666372320e+03 5.235055929705263456e-01
6.199069485043654822e+03 6.354500238144772384e-01
6.446384479210398240e+03 6.399783206859277485e-01
6.703566229426136488e+03 7.311368547393092276e-01
6.971008374884715522e+03 7.043517685611878631e-01
7.249120259213560530e+03 7.422233789786513158e-01
7.538327557009928569e+03 8.021282710732607901e-01
7.839072925373187900e+03 7.739253172398320446e-01
8.151816681430262179e+03 8.002346700296449900e-01
8.477037506891305384e+03 8.277750586372513153e-01
8.815233180714003538e+03 7.662581961536196751e-01
9.166921340997856532e+03 7.400459614357821625e-01
9.532640277274609616e+03 6.877453759021616708e-01
9.912949754407567525e+03 7.338714212979245977e-01
1.030843186936070742e+04 7.488602625437584814e-01
1.071969194214906747e+04 6.891098347671671398e-01
1.114735944233409100e+04 7.446073081867013999e-01
1.159208895248186127e+04 6.454594536927239501e-01
1.205456117005906890e+04 6.288342316788739783e-01
1.253548394930015820e+04 6.261312835900536555e-01
1.303559338464013672e+04 6.390169243450637415e-01
1.355565493737164434e+04 7.778939328653028396e-01
1.409646460725048564e+04 7.230114106618483749e-01
1.465885015084295628e+04 7.391973186655732553e-01
1.524367234847982581e+04 7.404472589402703031e-01
1.585182632175594517e+04 6.643787937386395059e-01
1.648424290359227234e+04 6.565166008275680198e-01
1.714189006295725630e+04 6.612629698961266511e-01
1.782577438642800553e+04 6.604906087257830238e-01
1.853694261885925880e+04 6.090706878423823856e-01
1.927648326551812715e+04 6.280940198004582031e-01
2.004552825813662275e+04 6.720419134886767010e-01
2.084525468743237434e+04 6.504028118791008728e-01
2.167688660474912831e+04 6.984918949274349087e-01
2.254169689557440142e+04 7.225066835576350321e-01
2.344100922780231122e+04 6.492924638389625525e-01
2.437620007772318422e+04 6.102807829495390246e-01
2.534870083684104611e+04 6.013628267878756706e-01
2.636000000274380000e+04 6.558082891583267848e-01
2.741164545737900335e+04 6.725101294664767027e-01
2.850524683622281736e+04 6.395396203530960832e-01
2.964247799196818596e+04 6.594692092613797518e-01
3.082507955650280201e+04 6.219741594481299485e-01
3.205486160509876208e+04 5.817689879128490338e-01
3.333370642689138913e+04 6.209672658443412541e-01
3.466357140588743641e+04 6.699103634483363212e-01
3.604649201691285270e+04 6.283195696297874111e-01
3.748458494108525338e+04 5.772409559463371753e-01
3.898005130557976372e+04 5.904423013189776803e-01
4.053518005264701787e+04 6.120160566887562492e-01
4.215235144303960260e+04 6.220676511384247709e-01
4.383404069920966867e+04 6.382062485922720407e-01
4.558282179385382187e+04 6.148125451604683489e-01
4.740137138960356242e+04 6.078036346826712899e-01
4.929247293589194305e+04 5.788431206365858284e-01
5.125902092926688783e+04 5.609661548453884761e-01
5.330402534367140470e+04 5.523791688778937337e-01
5.543061623747244448e+04 5.921050255263637929e-01
5.764204854428952967e+04 5.784504964803280913e-01
5.994170705495546281e+04 5.984188724598433762e-01
6.233311159823532216e+04 5.586032475281861309e-01
6.481992242823265406e+04 5.515351131435497489e-01
6.740594582672885736e+04 5.977926192045193154e-01
7.009513992903112376e+04 5.705953903889857681e-01
7.289162078224474681e+04 5.768343783506412192e-01
7.579966864524396078e+04 5.766655425385845968e-01
7.882373453998325567e+04 5.682865824445116898e-01
8.196844706417585257e+04 5.520556075335361079e-01
8.523861947576810780e+04 5.690610716145637626e-01
8.863925706005263783e+04 5.755329549118619603e-01
9.217556479069538182e+04 5.522002606640243894e-01
9.585295529640384484e+04 5.413407652566055717e-01
9.967705714542970236e+04 5.436287454024217869e-01
1.036537234605849953e+05 5.182684294659717361e-01
1.077890408779594873e+05 5.242722474894325746e-01
1.120893388630503468e+05 5.318733303913003585e-01
1.165611993985631998e+05 5.486601517152168705e-01
1.212114670587137080e+05 5.483107337781368829e-01
1.260472594854470954e+05 4.947234456419207782e-01
1.310759782826130104e+05 3.496910704877985721e-01
1.363053203447686974e+05 2.064033429150052001e-01
1.417432896379496669e+05 2.392243483045536703e-02
1.473982094504409761e+05 -1.476617016706869012e-01
1.532787351322994509e+05 -3.364869032623497569e-01
1.593938673431240604e+05 -5.471038990482067765e-01
1.657529658283545286e+05 -7.459375439389019924e-01
1.723657637451810879e+05 -9.397893622060533581e-01
1.792423825599941483e+05 -1.160055197861514342e+00
1.863933475401755131e+05 -1.391002180194539584e+00
1.938296038639411272e+05 -1.629842786849664549e+00
2.015625333728953265e+05 -1.872667937124144588e+00
2.096039719929369749e+05 -2.135801653003921441e+00
2.179662278501794790e+05 -2.386501729521887771e+00
2.266621001096163527e+05 -2.660692220984325118e+00
2.357048985653650307e+05 -2.937186280733093291e+00
2.451084640124711150e+05 -3.231789515541253710e+00
