1.982589950881514937e+02 1.274701623816243412e+00
3.048734469695965572e+02 1.400229092275939058e+00
4.009105651627324960e+02 1.179496400475411377e+00
5.069740167368212269e+02 1.210524781113480719e+00
5.928495598393640194e+02 1.293134389188173250e+00
6.932714281177487692e+02 1.116309828785226221e+00
8.107036010529400301e+02 1.372077121933232169e+00
9.116564358770771150e+02 1.321966289427393582e+00
9.858494587178394113e+02 1.354458877121897054e+00
1.108612324749449726e+03 1.592905574578256989e+00
1.198834141099109502e+03 1.085834364465772639e+00
1.296398448564652654e+03 1.405121537728956538e+00
1.401902798580622630e+03 1.457325217643949289e+00
1.515993372904880061e+03 1.225705551335586563e+00
1.576474690799666178e+03 1.757878385742041694e+00
1.704772389515363102e+03 1.208718616700382276e+00
1.772785141201054103e+03 1.287959150196105629e+00
1.917059105928077997e+03 1.187649498219971234e+00
1.993541142908595248e+03 1.361548641476784338e+00
2.073074469211700034e+03 1.687284869039586965e+00
2.241786777261007046e+03 1.835451053126188059e+00
2.331223987971264251e+03 1.581504780425462053e+00
2.424229341174274396e+03 1.358289984218125523e+00
2.520945189708942053e+03 1.348040666598687265e+00
2.621519565652261463e+03 1.385609503859497771e+00
2.726106406895375585e+03 1.348800915012682955e+00
2.834865792758993848e+03 1.702406603241614524e+00
2.947964189008821450e+03 1.039557658332062484e+00
3.065574702645990328e+03 1.312240648919507535e+00
3.187877346862481318e+03 1.242019022740345147e+00
3.315059316567088899e+03 1.208028571154391662e+00
3.447315274903620775e+03 1.146083380390344519e+00
3.584847651199883330e+03 1.068261545442765081e+00
3.727866950803510917e+03 1.260819286286334107e+00
3.876592077278823126e+03 1.110503697107866339e+00
4.031250667457909003e+03 9.817908758969433602e-01
4.192079439858741353e+03 1.046398300631326883e+00
4.359324557003589689e+03 1.167696639935747349e+00
4.533242002192329892e+03 9.184225790619831020e-01
4.714097971307303851e+03 1.146392361426055828e+00
4.902169280249422627e+03 1.045746365886067286e+00
5.097743788629162736e+03 9.234760613505684779e-01
5.301120840360902548e+03 1.147400542978294746e+00
5.512611721834996388e+03 1.100521159657009029e+00
5.732540138368876796e+03 1.006921817488260817e+00
5.961242709666372320e+03 9.490909782183953869e-01
6.199069485043654822e+03 8.445700490582740416e-01
6.446384479210398240e+03 7.775564490265244322e-01
6.703566229426136488e+03 9.656746317485643827e-01
6.971008374884715522e+03 1.035008906188980449e+00
7.249120259213560530e+03 8.072086252429637732e-01
7.538327557009928569e+03 8.129505431307756380e-01
7.839072925373187900e+03 8.219662915316909846e-01
8.151816681430262179e+03 6.308520626588154379e-01
8.477037506891305384e+03 7.695433283866944807e-01
8.815233180714003538e+03 8.622973359485978095e-01
9.166921340997856532e+03 7.626599443459454175e-01
9.532640277274609616e+03 7.050882785430336863e-01
9.912949754407567525e+03 7.348059847972361336e-01
1.030843186936070742e+04 6.869909895627293039e-01
1.071969194214906747e+04 7.955541325280560683e-01
1.114735944233409100e+04 6.899385601533759571e-01
1.159208895248186127e+04 7.464467917224661964e-01
1.205456117005906890e+04 6.774109802704775252e-01
1.253548394930015820e+04 7.198885754594230857e-01
1.303559338464013672e+04 6.791009674382352257e-01
1.355565493737164434e+04 7.285272994748267505e-01
1.409646460725048564e+04 7.068851596928183989e-01
1.465885015084295628e+04 6.678865079503846225e-01
1.524367234847982581e+04 5.813035800427425182e-01
1.585182632175594517e+04 6.180113763471465349e-01
1.648424290359227234e+04 5.696096486753373656e-01
1.714189006295725630e+04 5.452970843844602289e-01
1.782577438642800553e+04 5.136983486002166810e-01
1.853694261885925880e+04 5.627299038398704267e-01
1.927648326551812715e+04 5.162876666951191629e-01
2.004552825813662275e+04 6.052194011300824350e-01
2.084525468743237434e+04 5.891360646900942744e-01
2.167688660474912831e+04 5.138880574097228759e-01
2.254169689557440142e+04 4.669864297166165246e-01
2.344100922780231122e+04 4.333287399200829171e-01
2.437620007772318422e+04 4.807540471465319154e-01
2.534870083684104611e+04 4.959161563695454467e-01
2.636000000274380000e+04 4.520742045703750600e-01
2.741164545737900335e+04 4.440790028034390380e-01
2.850524683622281736e+04 4.847681880418346356e-01
2.964247799196818596e+04 4.821059534350446985e-01
3.082507955650280201e+04 5.563588061970811127e-01
3.205486160509876208e+04 5.752977698132498707e-01
3.333370642689138913e+04 5.453901223433267331e-01
3.466357140588743641e+04 4.798681828102427382e-01
3.604649201691285270e+04 5.224759878171221228e-01
3.748458494108525338e+04 5.182642556695676861e-01
3.898005130557976372e+04 5.092193445368603522e-01
4.053518005264701787e+04 6.413795419434297207e-01
4.215235144303960260e+04 6.413598527924715409e-01
4.383404069920966867e+04 5.906536692727166749e-01
4.558282179385382187e+04 5.956694949005522099e-01
4.740137138960356242e+04 6.030438159840197931e-01
4.929247293589194305e+04 5.890519185436793315e-01
5.125902092926688783e+04 5.906640556372924067e-01
5.330402534367140470e+04 5.923971330377038047e-01
5.543061623747244448e+04 6.165697015217995736e-01
5.764204854428952967e+04 6.219799630636434484e-01
5.994170705495546281e+04 6.677429526046282371e-01
6.233311159823532216e+04 6.712536891546826423e-01
6.481992242823265406e+04 6.465120127534477179e-01
6.740594582672885736e+04 6.148341577802204361e-01
7.009513992903112376e+04 6.668682196999294876e-01
7.289162078224474681e+04 6.269786830615298179e-01
7.579966864524396078e+04 5.831918715003309162e-01
7.882373453998325567e+04 6.211881407720841741e-01
8.196844706417585257e+04 6.185660870489613217e-01
8.523861947576810780e+04 5.818772303907762122e-01
8.863925706005263783e+04 5.806794261231000842e-01
9.217556479069538182e+04 5.972091355823480052e-01
9.585295529640384484e+04 5.751000449359326971e-01
9.967705714542970236e+04 5.850169733581754850e-01
1.036537234605849953e+05 5.730482729487749172e-01
1.077890408779594873e+05 5.996252079712429683e-01
1.120893388630503468e+05 6.319691246036079901e-01
1.165611993985631998e+05 6.070660017749915927e-01
1.212114670587137080e+05 6.014592919956013306e-01
1.260472594854470954e+05 7.427168536805192067e-01
1.310759782826130104e+05 1.355161532199254948e+00
1.363053203447686974e+05 2.022002625291151823e+00
1.417432896379496669e+05 2.728170035216632261e+00
1.473982094504409761e+05 3.405457593942846639e+00
1.532787351322994509e+05 4.119222807209569126e+00
1.593938673431240604e+05 4.925503725747677919e+00
1.657529658283545286e+05 5.743824249321721531e+00
1.723657637451810879e+05 6.593235363628197732e+00
1.792423825599941483e+05 7.461933212441173247e+00
1.863933475401755131e+05 8.380107667213414047e+00
1.938296038639411272e+05 9.321090534208849476e+00
2.015625333728953265e+05 1.030058295795587675e+01
2.096039719929369749e+05 1.134616876473191205e+01
2.179662278501794790e+05 1.238132578005226492e+01
2.266621001096163527e+05 1.348021203632635512e+01
2.357048985653650307e+05 1.461156081188552847e+01
2.451084640124711150e+05 1.580889199722404115e+01
