1.982589950881514937e+02 6.310359158529776913e-01
3.048734469695965572e+02 6.192736698642565818e-01
4.009105651627324960e+02 6.123828706233985786e-01
5.069740167368212269e+02 4.984955945915434672e-01
5.928495598393640194e+02 5.230224593264948263e-01
6.932714281177487692e+02 5.185242738658218942e-01
8.107036010529400301e+02 5.961213051898844872e-01
9.116564358770771150e+02 5.367875891358512286e-01
9.858494587178394113e+02 6.047736379590984424e-01
1.108612324749449726e+03 5.737718398312560142e-01
1.198834141099109502e+03 4.850828092492708854e-01
1.296398448564652654e+03 4.930520745284472373e-01
1.401902798580622630e+03 5.598277809441712938e-01
1.515993372904880061e+03 6.692671365031244157e-01
1.576474690799666178e+03 5.271094573555563656e-01
1.704772389515363102e+03 5.250099118521588393e-01
1.772785141201054103e+03 5.069278720121509485e-01
1.917059105928077997e+03 4.622937141201550748e-01
1.993541142908595248e+03 4.677450688515521482e-01
2.073074469211700034e+03 4.769172131429473271e-01
2.241786777261007046e+03 4.703674014660385594e-01
2.331223987971264251e+03 4.605321339712046824e-01
2.424229341174274396e+03 3.650904043511783992e-01
2.520945189708942053e+03 4.092312522302107847e-01
2.621519565652261463e+03 3.543085423258216515e-01
2.726106406895375585e+03 3.973500425674954539e-01
2.834865792758993848e+03 4.519619622999744846e-01
2.947964189008821450e+03 4.010558739922885918e-01
3.065574702645990328e+03 3.897532763040802983e-01
3.187877346862481318e+03 3.148831369270591041e-01
3.315059316567088899e+03 2.558019612688282041e-01
3.447315274903620775e+03 3.428242154723676882e-01
3.584847651199883330e+03 3.808443276670236965e-01
3.727866950803510917e+03 3.373922437774269922e-01
3.876592077278823126e+03 3.573405235047482642e-01
4.031250667457909003e+03 3.308338692291078464e-01
4.192079439858741353e+03 2.563728907210719443e-01
4.359324557003589689e+03 3.174804022354932309e-01
4.533242002192329892e+03 3.397328173707454546e-01
4.714097971307303851e+03 3.170651789015931921e-01
4.902169280249422627e+03 2.994695804922661297e-01
5.097743788629162736e+03 2.968552457223532226e-01
5.301120840360902548e+03 3.226168711329650551e-01
5.512611721834996388e+03 3.396763082156038505e-01
5.732540138368876796e+03 3.619270619716354331e-01
5.961242709666372320e+03 3.285014643412824675e-01
6.199069485043654822e+03 3.511436411585446282e-01
6.446384479210398240e+03 3.392363501147517280e-01
6.703566229426136488e+03 2.931627808985034500e-01
6.971008374884715522e+03 3.015781136997015555e-01
7.249120259213560530e+03 3.159498726562925963e-01
7.538327557009928569e+03 3.223804523568405411e-01
7.839072925373187900e+03 3.548577293146988887e-01
8.151816681430262179e+03 3.096222472218474464e-01
8.477037506891305384e+03 2.799036375579976865e-01
8.815233180714003538e+03 2.809985693464804313e-01
9.166921340997856532e+03 2.930627883280418344e-01
9.532640277274609616e+03 2.661467475527810045e-01
9.912949754407567525e+03 2.893043292789183596e-01
1.030843186936070742e+04 3.052370658557193028e-01
1.071969194214906747e+04 2.822846790449515808e-01
1.114735944233409100e+04 3.144886550889520738e-01
1.159208895248186127e+04 3.024597341873321854e-01
1.205456117005906890e+04 3.018492070960550056e-01
1.253548394930015820e+04 3.029982210988416136e-01
1.303559338464013672e+04 2.805226783772929999e-01
1.355565493737164434e+04 2.696180441522905702e-01
1.409646460725048564e+04 2.542692652099521888e-01
1.465885015084295628e+04 2.614747561317045665e-01
1.524367234847982581e+04 2.678826826073362755e-01
1.585182632175594517e+04 2.565333954247743797e-01
1.648424290359227234e+04 2.481283671406825930e-01
1.714189006295725630e+04 2.511399658293368975e-01
1.782577438642800553e+04 2.619347017357991914e-01
1.853694261885925880e+04 2.460930670510469986e-01
1.927648326551812715e+04 2.414535506955594879e-01
2.004552825813662275e+04 2.389024401266969799e-01
2.084525468743237434e+04 2.619582081993130362e-01
2.167688660474912831e+04 2.563312239306075879e-01
2.254169689557440142e+04 2.334466067410532197e-01
2.344100922780231122e+04 2.320652099977727756e-01
2.437620007772318422e+04 2.298819824578264281e-01
2.534870083684104611e+04 2.279094563554481812e-01
2.636000000274380000e+04 2.267685190181256139e-01
2.741164545737900335e+04 2.207198549794569808e-01
2.850524683622281736e+04 2.262228887150766754e-01
2.964247799196818596e+04 2.337859118451860729e-01
3.082507955650280201e+04 2.347215716352510084e-01
3.205486160509876208e+04 2.230873530322638187e-01
3.333370642689138913e+04 2.179835432210278368e-01
3.466357140588743641e+04 2.288383963853103942e-01
3.604649201691285270e+04 2.286566715331063981e-01
3.748458494108525338e+04 2.232286136846725333e-01
3.898005130557976372e+04 2.129392456173590520e-01
4.053518005264701787e+04 2.134982604921197291e-01
4.215235144303960260e+04 2.137018968095861782e-01
4.383404069920966867e+04 2.161603929409120495e-01
4.558282179385382187e+04 2.135258991777222448e-01
4.740137138960356242e+04 2.122051067422312254e-01
4.929247293589194305e+04 2.075330719069380103e-01
5.125902092926688783e+04 2.140538991381387424e-01
5.330402534367140470e+04 2.149869236787521620e-01
5.543061623747244448e+04 2.115461367372548362e-01
5.764204854428952967e+04 2.109980414150318395e-01
5.994170705495546281e+04 2.163213598659317338e-01
6.233311159823532216e+04 2.132087759764220714e-01
6.481992242823265406e+04 2.094924297782636557e-01
6.740594582672885736e+04 2.045379998150086420e-01
7.009513992903112376e+04 2.120788810970765104e-01
7.289162078224474681e+04 2.085689063194434978e-01
7.579966864524396078e+04 2.081833816527328962e-01
7.882373453998325567e+04 2.094198172214946641e-01
8.196844706417585257e+04 2.066954378964283023e-01
8.523861947576810780e+04 2.065735985718145373e-01
8.863925706005263783e+04 2.082661360751580648e-01
9.217556479069538182e+04 2.029306848011048769e-01
9.585295529640384484e+04 2.054508642885599368e-01
9.967705714542970236e+04 2.042766680363684306e-01
1.036537234605849953e+05 2.058320406370008904e-01
1.077890408779594873e+05 2.076795564088262380e-01
1.120893388630503468e+05 2.052298686819855889e-01
1.165611993985631998e+05 2.079778915162905362e-01
1.212114670587137080e+05 2.031115477676992132e-01
1.260472594854470954e+05 2.110909344957385692e-01
1.310759782826130104e+05 2.392706904379606203e-01
1.363053203447686974e+05 2.696006295371167760e-01
1.417432896379496669e+05 3.008967841957756462e-01
1.473982094504409761e+05 3.287241908473593210e-01
1.532787351322994509e+05 3.612867014263437815e-01
1.593938673431240604e+05 3.949462578220862552e-01
1.657529658283545286e+05 4.270113625907462906e-01
1.723657637451810879e+05 4.613501436526452060e-01
1.792423825599941483e+05 4.969364639247089710e-01
1.863933475401755131e+05 5.357614183501473448e-01
1.938296038639411272e+05 5.766326488638092718e-01
2.015625333728953265e+05 6.168239370251402676e-01
2.096039719929369749e+05 6.607388581427799945e-01
2.179662278501794790e+05 7.065482037335312215e-01
2.266621001096163527e+05 7.530033873012950130e-01
2.357048985653650307e+05 8.030810214086168131e-01
2.451084640124711150e+05 8.539544385390163139e-01
